0.072160 0.000000
0.100000 0.000000
0.200000 0.000000
0.300000 0.000000
0.400015 0.000000
0.500000 0.000000
0.600000 0.000000
0.700000 0.000000
0.800000 0.000000
0.900000 0.000000
1.000009 0.000000
1.100005 0.000000
1.200000 0.000000
1.300000 0.000000
1.400000 0.000000
1.500000 0.000000
1.600000 0.000000
1.700010 0.000000
1.800000 0.000000
1.900000 0.000000
2.000000 0.000000
2.100000 0.000000
2.200000 0.000000
2.300000 0.000000
2.400000 0.000000
2.500000 0.000000
2.600000 0.000000
2.700006 0.000000
2.800006 0.000000
2.900000 0.000000
3.000000 0.000000
3.100000 0.000000
3.200000 0.000000
3.300000 0.000000
3.400015 0.000000
3.500008 0.000000
3.600000 0.000000
3.700000 0.000000
3.800000 0.000000
3.900000 0.000000
4.000000 0.000000
4.100000 0.000000
4.200015 0.000000
4.300000 0.000000
4.400000 0.000000
4.500000 0.000000
4.600000 0.000000
4.700000 0.000000
4.800000 0.000000
4.900000 0.000000
5.000023 0.000000
5.100014 0.000000
5.200007 0.000000
5.300000 0.000000
5.400000 0.000000
5.500000 0.000000
5.600005 0.000000
5.700000 0.000000
5.800000 0.000000
5.900000 0.000000
6.000000 0.000000
6.100000 0.000000
6.200000 0.000000
6.300000 0.000000
6.400000 0.000000
6.500000 0.000000
6.600000 0.000000
6.700008 0.000000
6.800016 0.000000
6.907009 0.000000
7.000000 0.000000
7.100000 0.000000
7.200013 0.000000
7.300000 0.000000
7.400005 0.000000
7.500000 0.000000
7.600024 0.000000
7.700000 0.000000
7.800006 0.000000
7.900000 0.000000
8.000000 0.000000
8.100000 0.000000
8.200011 0.000000
8.300005 0.000000
8.400000 0.000000
8.500009 0.000000
8.600000 0.000000
8.700000 0.000000
8.800005 0.000000
8.900000 0.000000
9.000000 0.000000
9.100000 0.000000
9.200000 0.000000
9.300000 0.000000
9.400000 0.000000
9.500006 0.000000
9.600000 0.000000
9.700000 0.000000
9.800000 0.000000
9.900000 0.000000
10.000000 0.000000
10.100000 0.000000
10.200011 0.000000
10.300000 0.000000
10.400000 0.000000
10.500000 0.000000
10.600000 0.000000
10.700005 0.000000
10.800000 0.000000
10.900000 0.000000
11.000015 0.000000
11.100000 0.000000
11.200006 0.000000
11.300000 0.000000
11.400005 0.000000
11.500000 0.000000
11.600000 0.000000
11.700000 0.000000
11.800000 0.000000
11.900000 0.000000
12.000010 0.000000
12.100000 0.000000
12.200000 0.000000
12.300000 0.000000
12.400006 0.000000
12.500000 0.000000
12.600000 0.000000
12.700020 0.000000
12.800000 0.000000
12.900000 0.000000
13.000000 0.000000
13.100000 0.000000
13.200000 0.000000
13.300000 0.000000
13.400024 0.000000
13.500031 0.000000
13.600000 0.000000
13.722120 0.000000
13.800000 0.000000
13.900000 0.000000
14.000000 0.000000
14.100000 0.000000
14.200000 0.000000
14.300000 0.000000
14.400000 1.000000
14.500000 0.000000
14.600018 1.000000
14.700030 1.000000
14.800000 0.000000
14.900000 1.000000
15.000000 0.000000
15.100000 1.000000
15.200025 1.000000
15.300000 0.000000
15.400000 1.000000
15.500000 0.000000
15.600000 1.000000
15.700000 0.000000
15.800000 0.000000
15.900000 1.000000
16.000000 0.000000
16.100000 1.000000
16.200000 0.000000
16.300000 1.000000
16.400060 1.000000
16.500000 0.000000
16.600000 1.000000
16.700000 0.000000
16.800032 1.000000
16.900000 0.000000
17.000000 0.000000
17.100045 1.000000
17.200000 0.000000
17.300000 1.000000
17.400061 0.000000
17.500025 0.000000
17.600000 1.000000
17.700000 0.000000
17.800034 1.000000
17.900000 0.000000
18.000000 1.000000
18.100000 1.000000
18.200000 0.000000
18.300000 1.000000
18.400000 0.000000
18.500000 0.984404
18.600015 1.000000
18.700000 0.000000
18.800000 1.000000
18.900000 0.000000
19.000000 0.258651
19.100028 0.000000
19.200038 0.000000
19.300000 -0.192979
19.400000 0.000000
19.500000 -0.214985
19.600000 0.000000
19.700000 -0.188608
19.800000 1.000000
19.900000 0.000000
20.000000 1.000000
20.100000 0.000000
20.200012 1.000000
20.300000 0.000000
20.400000 0.000000
20.522391 0.000000
20.600000 0.000000
20.700000 0.000000
20.800000 0.000000
20.900000 0.000000
21.000013 0.925378
21.100000 0.000000
21.200020 1.000000
21.300000 0.000000
21.400000 0.806533
21.500000 0.375741
21.600014 0.000000
21.700000 0.139433
21.800000 0.000000
21.900013 -0.115715
22.000000 0.000000
22.100000 0.000000
22.200000 -0.093840
22.300000 0.000000
22.400014 0.166251
22.500000 0.000000
22.600000 0.000000
22.700000 0.562166
22.800000 0.000000
22.900000 0.584998
23.000000 0.000000
23.100000 0.578398
23.200000 0.267159
23.300000 0.000000
23.400000 0.214888
23.500000 0.000000
23.600000 0.056011
23.700000 0.000000
23.800000 0.000000
23.900011 0.116621
24.000000 0.000000
24.100000 0.296384
24.200000 0.000000
24.300015 0.000000
24.400000 0.517537
24.500000 0.000000
24.600038 0.476328
24.700000 0.000000
24.800000 -1.000000
24.900000 -1.000000
25.000000 0.000000
25.100000 -1.000000
25.200000 0.000000
25.300000 -1.000000
25.400000 0.000000
25.500000 0.000000
25.600000 -1.000000
25.700000 0.000000
25.800000 -0.949633
25.900000 0.000000
26.000010 0.000000
26.100000 -0.623901
26.200000 0.000000
26.300000 -0.488583
26.400000 0.000000
26.500000 -0.347774
26.600000 -0.217599
26.700000 0.000000
26.800000 -0.110564
26.900000 0.000000
27.000000 -0.010035
27.100000 0.000000
27.200000 0.000000
27.323655 0.000000
27.400000 0.000000
27.500000 0.000000
27.600000 0.000000
27.700004 0.000000
27.800000 0.297611
27.900000 0.000000
28.000021 0.373876
28.100000 1.000000
28.200000 0.268441
28.300022 0.124346
28.400000 1.000000
28.500000 -0.471016
28.600000 1.000000
28.700000 -0.646206
28.800004 0.000000
28.900014 1.000000
29.000000 -1.000000
29.100000 1.000000
29.200000 -0.859620
29.300000 0.000000
29.400008 1.000000
29.500000 -0.549565
29.600000 1.000000
29.700000 -0.419979
29.800000 0.000000
29.900013 -0.297121
30.000000 -0.235326
30.100000 1.000000
30.200000 -0.203753
30.300000 0.000000
30.400007 -0.239754
30.500000 1.000000
30.600016 1.000000
30.700000 -0.361906
30.800000 0.000000
30.900000 -0.417078
31.000000 1.000000
31.100009 1.000000
31.200000 -0.343821
31.300000 0.000000
31.400000 -0.253133
31.500000 1.000000
31.600000 -0.235629
31.700000 -0.114894
31.800000 0.000000
31.900000 -0.098758
32.000000 1.000000
32.100000 -0.298525
32.200021 -0.204731
32.300000 0.000000
32.400000 -0.360587
32.500000 1.000000
32.600018 -0.372478
32.700000 1.000000
32.800010 0.000000
32.900000 -0.347283
33.000000 1.000000
33.100000 -0.294399
33.200000 1.000000
33.300000 -0.256190
33.400012 -0.179603
33.500000 1.000000
33.600000 -0.226577
33.700000 1.000000
33.800000 -0.140831
33.900000 0.000000
34.000022 1.000000
34.125735 1.000000
34.200000 0.872037
34.300000 0.000000
34.400023 0.833014
34.500000 0.000000
34.600000 -1.000000
34.700000 0.833014
34.800000 -1.000000
34.900000 1.000000
35.000000 -1.000000
35.100000 -0.923289
35.200000 1.000000
35.300000 -0.740672
35.400000 0.375741
35.500000 -0.592210
35.600000 0.000000
35.700014 0.375741
35.800000 -0.288720
35.900000 -0.115715
36.000016 -0.166064
36.100000 0.000000
36.200000 -0.115715
36.300006 -0.042509
36.400000 -0.093840
36.500000 0.074176
36.600000 0.000000
36.700000 0.182368
36.800000 0.283784
36.900000 0.356605
37.000000 0.315070
37.100000 0.000000
37.200016 0.278059
37.300000 0.356605
37.400000 0.584998
37.500008 -0.206494
37.600000 0.000000
37.700000 -0.520728
37.800015 0.584998
37.900011 0.267159
38.000000 -0.663929
38.100000 0.000000
38.200000 -0.516803
38.300000 0.267159
38.400000 -0.432465
38.500000 -0.297920
38.600012 0.000000
38.700000 -0.196412
38.800000 0.056011
38.900000 -0.151712
39.000000 0.116621
39.100000 0.000000
39.200000 0.043927
39.300000 0.116621
39.400000 0.082367
39.500000 0.426935
39.600031 0.000000
39.700000 0.142944
39.800000 0.426935
39.900048 -0.108260
40.000000 0.476328
40.100000 -0.141814
40.200000 -0.352055
40.300000 0.476328
40.400000 -0.480861
40.500000 -1.000000
40.600000 -0.379888
40.700036 -0.283318
40.800067 -1.000000
40.929405 -1.000000
41.000000 0.275055
41.100000 0.000000
41.200032 0.311637
41.300000 0.000000
41.400031 0.055444
41.500000 0.311637
41.600000 -0.009886
41.700000 0.373876
41.800027 0.082214
41.900000 -0.029417
42.000018 0.373876
42.100000 -0.180223
42.200000 0.124346
42.300000 -0.155286
42.400000 0.000000
42.500000 0.124346
42.600000 -0.233035
42.700000 -0.646206
42.800000 -0.114108
42.900000 1.000000
43.000015 -0.646206
43.100000 0.048704
43.200000 -1.000000
43.300000 0.001626
43.400000 1.000000
43.500000 0.085498
43.600000 0.166864
43.700000 -0.707991
43.800000 0.082562
43.900000 0.000000
44.000000 0.075078
44.100000 -0.707991
44.200025 -0.419979
44.300000 0.248840
44.400000 1.000000
44.500000 0.301921
44.600000 -0.419979
44.700000 -0.235326
44.800000 -0.003771
44.900000 1.000000
45.000000 -0.228003
45.100000 -0.235326
45.200000 -0.132939
45.300000 -0.345097
45.400000 0.000000
45.500000 -0.288017
45.600000 -0.239754
45.700000 -0.172572
45.800000 -0.361906
45.900000 1.000000
46.000012 0.064836
46.100000 -0.361906
46.200000 0.158471
46.300000 -0.461878
46.400020 1.000000
46.500000 -0.031916
46.600000 -0.461878
46.700023 0.018688
46.800000 -0.253133
46.900000 -0.165477
47.000000 -0.094646
47.100000 -0.253133
47.200000 0.015571
47.300000 -0.114894
47.400012 0.125523
47.500016 0.220553
47.600000 -0.114894
47.723572 -0.114894
47.800000 -0.140322
47.900000 0.872037
48.000000 -0.457019
48.100000 0.833014
48.200000 -0.197921
48.300000 -0.457019
48.400000 -0.351760
48.500000 -1.000000
48.600000 -0.351514
48.700000 -0.242223
48.800000 -1.000000
48.900000 -0.127116
49.000000 -0.923289
49.100008 -0.061274
49.200000 0.000000
49.300027 -0.923289
49.400000 0.064562
49.500000 -0.592210
49.600000 1.000000
49.700000 0.375741
49.800000 -0.592210
49.900014 0.351215
50.000000 -0.288720
50.100000 0.148634
50.200000 0.375741
50.300000 0.013459
50.400000 0.017657
50.500000 -0.134526
50.600000 -0.212523
50.700000 0.000000
50.800009 -0.127097
50.900000 -0.134526
51.000016 0.074176
51.100000 0.087700
51.200000 -0.093840
51.300000 0.176523
51.400000 0.074176
51.500010 0.283784
51.600000 0.244755
51.700000 -0.093840
51.800000 0.172003
51.900000 0.283784
52.000000 -0.114828
52.100000 -0.236530
52.200018 0.000000
52.300000 -0.444326
52.400000 0.278059
52.500000 -0.501871
52.600000 -0.206494
52.700000 0.584998
52.800000 -0.360473
52.900000 -0.206494
53.000019 -0.255569
53.100014 -0.767249
53.200000 0.584998
53.300000 -0.132115
53.400000 -0.767249
53.500000 -0.030399
53.600000 -0.516803
53.700000 -0.121028
53.800000 -0.151287
53.900000 -0.516803
54.000000 -0.048259
54.100000 -0.297920
54.200000 0.049124
54.300000 0.056011
54.400016 -0.297920
54.528254 -0.297920
54.600000 -0.131432
54.700000 0.275055
54.800018 -0.005405
54.900000 0.311637
55.000022 0.334298
55.100000 -0.005405
55.200020 0.263483
55.300000 -0.009886
55.400025 -0.023549
55.500000 -0.221133
55.600000 -0.009886
55.700000 -0.290320
55.800000 -0.029417
55.900000 -0.375552
56.000000 0.000000
56.100014 -0.029417
56.200008 -0.124271
56.300000 -0.155286
56.400000 -0.018528
56.500000 0.124346
56.600000 -0.155286
56.700000 0.185261
56.800000 -0.233035
56.900000 0.202982
57.000000 0.124346
57.100000 0.235219
57.200000 0.201480
57.300000 -0.048795
57.400000 0.115008
57.500000 1.000000
57.600000 0.046643
57.700000 -0.048795
57.800024 0.001626
57.900000 -0.300029
58.000000 -1.000000
58.100000 -0.314774
58.200000 0.001626
58.300009 0.166864
58.400000 -0.081074
58.500000 -1.000000
58.600000 0.039260
58.700000 0.166864
58.800015 0.055262
58.900000 0.148975
59.000000 0.000000
59.100000 0.172687
59.200000 0.075078
59.300000 0.177202
59.400007 0.154500
59.500000 -0.419979
59.600017 0.067506
59.700000 0.248840
59.800000 -0.125309
59.900011 0.347161
60.000000 -0.419979
60.100000 -0.212056
60.200000 0.347161
60.300000 -0.316240
60.400000 -0.228003
60.500000 -0.206243
60.600009 -0.240820
60.700000 -0.228003
60.800000 -0.183480
60.900006 -0.345097
61.000000 -0.254015
61.100000 -0.239754
61.200000 -0.345097
61.331183 -0.345097
61.400000 -0.044328
61.500000 -0.140322
61.600000 -0.302871
61.700000 -0.457019
61.800000 0.167709
61.900000 -0.302871
62.000018 0.271851
62.100000 -0.351760
62.200003 0.314658
62.300000 0.346436
62.400016 -0.351760
62.500000 0.335519
62.600000 -0.242223
62.700000 0.276204
62.800000 0.833014
62.900000 -0.242223
63.000009 0.215437
63.100000 -0.061274
63.200000 -0.228193
63.300000 -0.923289
63.400000 -0.061274
63.500043 -0.389413
63.600000 0.064562
63.700000 -0.248115
63.800000 -0.923289
63.900000 -0.131360
64.000000 -0.045234
64.100000 0.267299
64.200000 0.056857
64.300000 0.375741
64.400027 0.122087
64.500000 0.267299
64.600000 0.148634
64.700028 -0.130883
64.800000 -0.288720
64.900000 -0.309928
65.000000 0.148634
65.100000 0.017657
65.200000 -0.218328
65.300000 -0.288720
65.400062 -0.156337
65.500000 0.017657
65.600032 -0.061757
65.700000 1.000000
65.800000 0.000000
65.900000 1.000000
66.000000 -0.127097
66.100000 1.000000
66.200000 0.087700
66.300041 0.074176
66.400021 -0.368888
66.500000 0.087700
66.600000 1.000000
66.700000 0.223069
66.800000 0.074176
66.900000 1.000000
67.000000 0.223069
67.100000 0.750919
67.200000 0.172003
67.300000 0.314804
67.400000 -0.105891
67.500000 0.172003
67.600000 -0.629038
67.700000 -0.236530
67.800000 -0.663541
67.900000 0.278059
68.000025 -0.236530
68.127355 -0.236530
68.200000 0.268676
68.300000 -0.131432
68.400000 0.275007
68.500000 -0.005405
68.600020 0.168340
68.700000 0.275007
68.800000 0.240796
68.900000 0.263483
69.000023 0.230417
69.100016 0.077772
69.200000 0.263483
69.300000 -0.156962
69.400000 -0.221133
69.500000 -0.170090
69.600000 0.311637
69.700023 -0.221133
69.800000 -0.017485
69.900000 -0.375552
70.000000 0.049884
70.100000 -0.029417
70.200000 -0.375552
70.300200 0.454772
70.400000 -0.124271
70.500000 0.612198
70.600000 -0.029417
70.700020 0.617254
70.800000 0.656785
70.900000 0.080230
71.000000 0.560934
71.100000 0.124346
71.200017 0.289674
71.300000 0.080230
71.400000 0.202982
71.500000 -0.163004
71.600000 -0.233035
71.700000 -0.284448
71.800000 0.202982
71.900000 0.201480
72.000000 -0.099142
72.100000 -0.233035
72.200022 0.015649
72.300000 0.201480
72.400000 0.104752
72.500000 0.319630
72.600000 1.000000
72.700000 0.345526
72.800000 0.046643
72.900000 0.404253
73.000009 -0.117812
73.100000 0.001626
73.200000 -0.297976
73.300000 -0.300029
73.400020 -0.431400
73.500000 -0.210955
73.600019 0.001626
73.700000 0.041412
73.800000 -0.210955
73.900022 0.245763
74.000000 0.039260
74.100000 0.461352
74.200015 0.631916
74.300000 0.039260
74.400000 0.640013
74.500000 0.148975
74.600000 0.490269
74.700000 0.075078
74.800000 0.148975
74.925510 0.148975
75.000000 -0.051661
75.100000 -0.044328
75.200000 0.093508
75.300000 -0.302871
75.400000 -1.000000
75.500000 0.093508
75.600000 -1.000000
75.700000 0.271851
75.800000 -1.000000
75.900000 -1.000000
76.000019 0.271851
76.100000 -1.000000
76.200000 0.346436
76.300000 -1.000000
76.400009 -0.871576
76.500000 0.346436
76.600000 -0.698030
76.700000 0.276204
76.800018 -0.556142
76.900006 -0.242223
77.000009 0.276204
77.100000 -0.329617
77.200000 0.215437
77.300000 -0.218412
77.400000 -0.242223
77.500027 -0.170732
77.600000 -0.197955
77.700000 -0.379751
77.800000 -0.100290
77.900000 -0.923289
78.000005 -0.115702
78.100000 -0.379751
78.200000 -0.248115
78.300008 0.095318
78.400000 0.064562
78.500000 0.182871
78.600029 -0.248115
78.700000 -0.045234
78.800000 0.267517
78.900000 0.064562
79.000022 0.223433
79.100000 -0.045234
79.200000 0.153532
79.300000 -0.001601
79.400000 0.375741
79.500000 -0.081338
79.600000 0.122087
79.700000 -0.153077
79.800008 -0.238388
79.900016 0.148634
80.000000 -0.290420
80.100000 -0.130883
80.200000 -0.185293
80.300000 -0.348019
80.400020 0.148634
80.500000 -0.046847
80.600000 -0.348019
80.700000 0.046213
80.800000 -0.156337
80.900000 0.084518
81.000000 0.150775
81.100000 -0.156337
81.200000 0.220603
81.300008 1.000000
81.400000 0.247219
81.500000 -0.127097
81.600015 1.000000
81.728105 1.000000
81.800000 -0.082858
81.900000 0.268676
82.000017 0.197099
82.100000 0.275007
82.200000 -1.000000
82.300000 0.197099
82.400000 -1.000000
82.500000 0.240796
82.600020 -1.000000
82.700000 -0.982117
82.800018 0.240796
82.900000 -0.801612
83.000000 0.077772
83.100000 -0.632068
83.200000 -0.005405
83.300021 0.077772
83.400000 -0.352393
83.500000 -0.170090
83.600014 -0.215968
83.700000 -0.221133
83.800000 -0.170090
83.900000 -0.014215
84.000000 -0.017485
84.100000 0.098770
84.200000 -0.221133
84.300000 0.205168
84.400000 0.304388
84.500000 0.262281
84.600000 0.318257
84.700000 -0.029417
84.800011 0.304674
84.900000 0.262281
85.000000 0.612198
85.100039 -0.129903
85.200000 -0.124271
85.300000 -0.391872
85.400015 0.612198
85.500000 0.656785
85.600000 -0.529499
85.700000 -0.124271
85.800000 -0.475148
85.900000 0.656785
86.000000 -0.365441
86.100000 -0.224535
86.200000 0.124346
86.300000 -0.134343
86.400000 0.289674
86.500002 -0.181562
86.600000 -0.163004
86.700015 0.202982
86.800000 -0.192701
86.900000 -0.163004
87.000018 -0.092276
87.100000 -0.311467
87.200009 0.202982
87.300000 0.015397
87.400000 -0.311467
87.500017 0.128346
87.600000 0.015649
87.700000 0.130827
87.800000 0.184348
87.900000 0.015649
88.000000 0.211506
88.100000 0.319630
88.200000 0.200279
88.300000 0.046643
88.400000 0.319630
88.526772 0.319630
88.600000 0.085776
88.700000 -0.051661
88.800019 -0.350946
88.900000 0.093508
89.000005 -0.576112
89.100000 -0.350946
89.200001 -0.427539
89.300000 -1.000000
89.400071 -0.318026
89.500000 -0.205775
89.600000 -1.000000
89.700000 -0.082065
89.800000 -1.000000
89.900000 -0.011901
90.000000 -0.302871
90.100000 -1.000000
90.200000 0.179900
90.300000 -1.000000
90.400000 0.274292
90.500000 0.346436
90.600032 -1.000000
90.700000 0.391991
90.800000 -0.698030
90.900000 0.393809
91.000000 0.346436
91.100000 0.239356
91.200000 0.333820
91.300000 -0.431454
91.400000 0.233354
91.500000 -0.242223
91.600000 0.145129
91.700000 -0.431454
91.800061 -0.218412
91.900026 0.260186
92.000000 0.215437
92.100000 0.304690
92.200000 -0.218412
92.300019 -0.197955
92.400021 0.163090
92.500000 0.215437
92.600000 -0.017568
92.700000 -0.197955
92.800000 -0.068002
92.900000 -0.212631
93.000060 -0.923289
93.100000 -0.115331
93.200000 -0.115702
93.300000 0.010445
93.400012 0.102242
93.500022 -0.248115
93.600000 0.200323
93.700000 0.095318
93.800000 0.225751
93.900016 0.265871
94.000018 -0.248115
94.100000 0.188635
94.200000 0.265871
94.300000 -0.077193
94.400000 0.223433
94.500000 -0.175404
94.600023 -0.323422
94.700000 0.223433
94.800000 -0.350810
94.900000 -0.001601
95.000000 -0.267376
95.100000 0.122087
95.200030 -0.001601
95.326458 -0.001601
95.400000 -0.347839
95.500000 -0.082858
95.600020 -1.000000
95.700000 0.197099
95.800052 0.161613
95.900000 -1.000000
96.000000 0.260249
96.100000 -1.000000
96.200032 0.281320
96.300000 0.246811
96.400017 -1.000000
96.500000 0.341735
96.600000 -0.982117
96.700000 0.369729
96.800015 0.265912
96.900000 -0.982117
97.000012 0.359134
97.100000 -0.632068
97.200000 0.319856
97.300000 0.077772
97.400016 -0.632068
97.500000 0.295317
97.600000 -0.352393
97.700000 0.334454
97.800000 0.077772
97.900018 0.276879
98.000016 0.343332
98.100000 -0.117284
98.200000 0.270919
98.300000 -0.221133
98.400000 0.151778
98.500000 -0.117284
98.600000 0.098770
98.700017 0.064021
98.800000 -0.017485
98.900000 0.103828
99.000000 0.098770
99.100020 0.304388
99.200000 0.111948
99.300000 -0.017485
99.400000 0.074480
99.500000 0.304388
99.600000 -0.074890
99.700000 -0.114788
99.800000 -0.029417
99.900000 -0.278119
100.000000 0.304674
100.100000 -0.312536
100.200000 -0.129903
100.300000 0.612198
100.400000 -0.214344
100.500000 -0.129903
100.600014 -0.148422
100.700015 -0.624355
100.800035 0.612198
100.900007 -0.134285
101.000000 -0.624355
101.100017 -0.029501
101.200000 -0.475148
101.300000 -0.062433
101.400016 -0.094169
101.500000 -0.475148
101.600000 0.020559
101.700000 -0.224535
101.800000 0.114102
101.900034 0.211644
102.000000 -0.224535
102.126714 -0.224535
102.200000 -0.158996
102.300000 0.085776
102.400020 -0.519557
102.500000 -0.350946
102.600019 0.117768
102.700000 -0.519557
102.800000 0.159437
102.900000 -0.427539
103.000020 0.226379
103.100000 0.262480
103.200014 -0.427539
103.300000 0.292956
103.400000 -0.205775
103.500005 0.304400
103.600008 0.274234
103.700024 -0.205775
103.800000 0.284438
103.900000 -0.011901
104.000000 0.161143
104.100000 -1.000000
104.200008 -0.011901
104.300000 -0.014486
104.400000 0.179900
104.500000 -0.003522
104.600000 -1.000000
104.700000 0.099090
104.800021 0.063427
104.900000 0.315673
105.000000 0.143645
105.100000 0.346436
105.200005 0.173064
105.300000 0.315673
105.400000 0.393809
105.500000 -0.290044
105.600000 -0.698030
105.700000 -0.522982
105.800015 0.393809
105.900000 0.333820
106.000000 -0.637598
106.100000 -0.698030
106.200000 -0.517197
106.300000 0.333820
106.400000 -0.438570
106.500000 -0.306838
106.600000 -0.242223
106.700000 -0.246778
106.800000 0.145129
106.900000 -0.177669
107.000016 -0.065357
107.100000 -0.218412
107.200009 -0.036422
107.300008 0.260186
107.400000 -0.074517
107.500000 0.322508
107.600000 -0.218412
107.700000 -0.053472
107.800000 0.322508
107.900017 -0.093014
108.000000 -0.017568
108.100000 -0.001244
108.200000 -0.051337
108.300000 -0.017568
108.400000 0.048942
108.500000 -0.212631
108.600000 0.026500
108.700008 0.100929
108.800000 -0.212631
108.927811 -0.212631
109.000000 -0.028551
109.100000 -0.347839
109.200020 0.082653
109.300000 -1.000000
109.400000 0.357649
109.500000 0.082653
109.600000 0.426012
109.700000 0.260249
109.800000 0.338808
109.900000 0.392679
110.000021 0.260249
110.100000 0.072150
110.200000 0.246811
110.300000 -0.086085
110.400000 0.197099
110.500000 0.246811
110.600000 -0.150392
110.700000 0.369729
110.800000 -0.178067
110.900000 -0.982117
111.000008 0.369729
111.100000 -0.248804
111.200000 0.359134
111.300000 -0.189925
111.400000 -0.982117
111.500000 -0.173486
111.600017 -0.226237
111.700000 0.209620
111.800000 -0.127164
111.900000 0.077772
112.000000 -0.242459
112.100000 0.209620
112.200016 0.334454
112.300018 -0.148919
112.400000 -0.352393
112.500000 -0.110305
112.600000 0.334454
112.700014 0.343332
112.800000 -0.099270
112.900000 -0.352393
113.000000 -0.162232
113.100000 0.343332
113.200014 -0.163645
113.300000 -0.120644
113.400000 -0.221133
113.500000 -0.180553
113.600000 0.151778
113.700000 -0.147667
113.800007 -0.058606
113.900015 0.098770
114.000000 -0.030340
114.100000 0.064021
114.200000 0.035430
114.300008 0.054658
114.400000 0.098770
114.500000 0.147797
114.600000 0.054658
114.700000 0.179057
114.800000 0.074480
114.900000 0.153080
115.000000 0.100776
115.100000 0.074480
115.200000 0.014060
115.300000 -0.114788
115.400031 -0.024499
115.500039 -0.042402
115.600000 -0.114788
115.726665 -0.114788
115.800000 0.126699
115.900000 -0.158996
116.000000 0.069843
116.100000 -0.519557
116.200038 0.059211
116.300000 0.069843
116.400000 0.115234
116.500000 0.159437
116.600000 0.160017
116.700000 0.188840
116.800032 0.159437
116.900000 1.000000
117.000000 0.262480
117.100000 1.000000
117.200000 -0.350946
117.300000 0.262480
117.400024 -0.535616
117.500000 0.304400
117.600000 -0.872987
117.700000 -0.205775
117.800016 0.304400
117.900000 0.920330
118.000000 0.284438
118.100000 1.000000
118.200000 -0.205775
118.300000 0.839544
118.400000 0.202216
118.500000 0.046425
118.600000 -0.217821
118.700000 -1.000000
118.800024 -0.489713
118.900000 0.046425
119.000000 -0.003522
119.100000 -0.239552
119.200000 0.179900
119.300000 -0.035924
119.400000 -0.003522
119.500000 0.063427
119.600019 0.339626
119.700000 0.179900
119.800000 0.537234
119.900000 0.063427
120.000041 0.483203
120.100000 0.243518
120.200014 0.346436
120.300000 -0.157831
120.400000 0.173064
120.500000 -0.453895
120.600021 -0.683441
120.700022 0.393809
120.800000 -0.631528
120.900000 -0.290044
121.000007 -0.409589
121.100000 -0.781238
121.200005 0.393809
121.300000 -0.064844
121.400000 -0.781238
121.500000 -0.064844
121.600000 -0.517197
121.700000 -0.064844
121.800000 -0.064844
121.900000 -0.517197
122.000000 -0.064844
122.100000 -0.306838
122.200000 -0.064844
122.300008 -0.064844
122.400000 -0.306838
122.519939 -0.306838
122.600000 0.247794
122.700000 -0.028551
122.800000 0.299434
122.900000 0.082653
123.000000 -0.064844
123.100000 0.299434
123.200016 -0.064844
123.300000 0.426012
123.400000 -0.064844
123.500000 -0.064844
123.600005 0.426012
123.700000 -0.064844
123.800000 0.392679
123.900005 -0.064844
124.000000 -1.000000
124.100000 0.392679
124.200000 -0.064844
124.300000 -0.086085
124.400000 -0.064844
124.500000 0.246811
124.600007 -0.086085
124.700000 -0.064844
124.800000 -0.150392
124.900000 -0.064844
125.000000 0.246811
125.100005 -0.064844
125.200000 -0.064844
125.300000 -0.231003
125.400000 -0.064844
125.500000 -0.982117
125.600000 -0.064844
125.700000 -0.231003
