0.072160 0.000000
0.100000 0.000000
0.200000 0.000000
0.300000 0.000000
0.400015 0.000000
0.500000 0.000000
0.600000 0.000000
0.700000 0.000000
0.800000 0.000000
0.900000 0.000000
1.000009 0.000000
1.100005 0.000000
1.200000 0.000000
1.300000 0.000000
1.400000 0.000000
1.500000 0.000000
1.600000 0.000000
1.700010 0.000000
1.800000 0.000000
1.900000 0.000000
2.000000 0.000000
2.100000 0.000000
2.200000 0.000000
2.300000 0.000000
2.400000 0.000000
2.500000 0.000000
2.600000 0.000000
2.700006 0.000000
2.800006 0.000000
2.900000 0.000000
3.000000 0.000000
3.100000 0.000000
3.200000 0.000000
3.300000 0.000000
3.400015 0.000000
3.500008 0.000000
3.600000 0.000000
3.700000 0.000000
3.800000 0.000000
3.900000 0.000000
4.000000 0.000000
4.100000 0.000000
4.200015 0.000000
4.300000 0.000000
4.400000 0.000000
4.500000 0.000000
4.600000 0.000000
4.700000 0.000000
4.800000 0.000000
4.900000 0.000000
5.000023 0.000000
5.100014 0.000000
5.200007 0.000000
5.300000 0.000000
5.400000 0.000000
5.500000 0.000000
5.600005 0.000000
5.700000 0.000000
5.800000 0.000000
5.900000 0.000000
6.000000 0.000000
6.100000 0.000000
6.200000 0.000000
6.300000 0.000000
6.400000 0.000000
6.500000 0.000000
6.600000 0.000000
6.700008 0.000000
6.800016 0.000000
6.907009 0.000000
7.000000 0.000000
7.100000 0.000000
7.200013 0.000000
7.300000 0.000000
7.400005 0.000000
7.500000 0.000000
7.600024 0.000000
7.700000 0.000000
7.800006 0.000000
7.900000 0.000000
8.000000 0.000000
8.100000 0.000000
8.200011 0.000000
8.300005 0.000000
8.400000 0.000000
8.500009 0.000000
8.600000 0.000000
8.700000 0.000000
8.800005 0.000000
8.900000 0.000000
9.000000 0.000000
9.100000 0.000000
9.200000 0.000000
9.300000 0.000000
9.400000 0.000000
9.500006 0.000000
9.600000 0.000000
9.700000 0.000000
9.800000 0.000000
9.900000 0.000000
10.000000 0.000000
10.100000 0.000000
10.200011 0.000000
10.300000 0.000000
10.400000 0.000000
10.500000 0.000000
10.600000 0.000000
10.700005 0.000000
10.800000 0.000000
10.900000 0.000000
11.000015 0.000000
11.100000 0.000000
11.200006 0.000000
11.300000 0.000000
11.400005 0.000000
11.500000 0.000000
11.600000 0.000000
11.700000 0.000000
11.800000 0.000000
11.900000 0.000000
12.000010 0.000000
12.100000 0.000000
12.200000 0.000000
12.300000 0.000000
12.400006 0.000000
12.500000 0.000000
12.600000 0.000000
12.700020 0.000000
12.800000 0.000000
12.900000 0.000000
13.000000 0.000000
13.100000 0.000000
13.200000 0.000000
13.300000 0.000000
13.400024 0.000000
13.500031 0.000000
13.600000 0.000000
13.722120 0.000000
13.800000 0.000000
13.900000 0.000000
14.000000 0.000000
14.100000 3.333334
14.200000 3.333334
14.300000 3.333334
14.400000 3.333334
14.500000 3.333334
14.600018 3.333334
14.700030 3.333334
14.800000 3.333334
14.900000 3.333334
15.000000 3.333334
15.100000 3.333237
15.200025 3.333849
15.300000 3.333541
15.400000 3.329135
15.500000 3.322462
15.600000 3.310541
15.700000 3.293514
15.800000 3.270761
15.900000 3.239190
16.000000 3.198223
16.100000 3.143935
16.200000 3.080554
16.300000 3.007422
16.400060 2.923153
16.500000 2.827911
16.600000 2.721587
16.700000 2.602483
16.800032 2.471449
16.900000 2.329578
17.000000 2.178803
17.100045 2.006775
17.200000 1.861545
17.300000 1.672729
17.400061 1.515580
17.500025 1.320143
17.600000 1.161125
17.700000 0.929025
17.800034 0.818244
17.900000 0.639780
18.000000 0.472062
18.100000 0.318148
18.200000 0.207204
18.300000 0.081962
18.400000 -0.003644
18.500000 -0.090525
18.600015 -0.160231
18.700000 -0.197990
18.800000 -0.227081
18.900000 -0.237223
19.000000 -0.236794
19.100028 -0.222185
19.200038 -0.196136
19.300000 -0.171215
19.400000 -0.136940
19.500000 -0.109587
19.600000 -0.076864
19.700000 -0.053177
19.800000 -0.027676
19.900000 -0.006033
20.000000 0.008240
20.100000 0.022175
20.200012 0.029573
20.300000 0.035311
20.400000 0.035276
20.522391 0.029631
20.600000 0.024385
20.700000 0.013515
20.800000 0.003714
20.900000 -0.009190
21.000013 -0.021576
21.100000 -0.030573
21.200020 -0.039732
21.300000 -0.045092
21.400000 -0.048634
21.500000 -0.049433
21.600014 -0.047684
21.700000 -0.044443
21.800000 -0.039007
21.900013 -0.032759
22.000000 -0.021496
22.100000 -0.009962
22.200000 0.006031
22.300000 0.022684
22.400014 0.035179
22.500000 0.048185
22.600000 0.054707
22.700000 0.057419
22.800000 0.055189
22.900000 0.047684
23.000000 0.037848
23.100000 0.023432
23.200000 0.007397
23.300000 -0.009178
23.400000 -0.024462
23.500000 -0.037710
23.600000 -0.047827
23.700000 -0.054897
23.800000 -0.058771
23.900011 -0.058760
24.000000 -0.053934
24.100000 -0.046718
24.200000 -0.062954
24.300015 -0.114163
24.400000 -0.203085
24.500000 -0.330781
24.600038 -0.499495
24.700000 -0.700123
24.800000 -0.909666
24.900000 -1.104066
25.000000 -1.267529
25.100000 -1.398632
25.200000 -1.494934
25.300000 -1.550985
25.400000 -1.567241
25.500000 -1.545753
25.600000 -1.501487
25.700000 -1.442414
25.800000 -1.375221
25.900000 -1.311608
26.000010 -1.258912
26.100000 -1.215479
26.200000 -1.179986
26.300000 -1.147788
26.400000 -1.122049
26.500000 -1.107051
26.600000 -1.097295
26.700000 -1.091031
26.800000 -1.093373
26.900000 -1.100328
27.000000 -1.107205
27.100000 -1.118023
27.200000 -1.133962
27.323655 -1.151794
27.400000 -1.163698
27.500000 -1.182674
27.600000 -1.199052
27.700004 -1.210834
27.800000 -1.224544
27.900000 -1.240055
28.000021 -1.253771
28.100000 -1.267923
28.200000 -1.291056
28.300022 -1.310486
28.400000 -1.322491
28.500000 -1.336315
28.600000 -1.350683
28.700000 -1.356069
28.800004 -1.348910
28.900014 -1.326331
29.000000 -1.297158
29.100000 -1.264548
29.200000 -1.228528
29.300000 -1.197339
29.400008 -1.175397
29.500000 -1.158470
29.600000 -1.144974
29.700000 -1.129253
29.800000 -1.115758
29.900013 -1.107737
30.000000 -1.098817
30.100000 -1.090828
30.200000 -1.089567
30.300000 -1.094687
30.400007 -1.099657
30.500000 -1.108075
30.600016 -1.124281
30.700000 -1.141073
30.800000 -1.159137
30.900000 -1.181993
31.000000 -1.203283
31.100009 -1.223135
31.200000 -1.241492
31.300000 -1.266511
31.400000 -1.283140
31.500000 -1.295197
31.600000 -1.296334
31.700000 -1.293090
31.800000 -1.288452
31.900000 -1.273449
32.000000 -1.250092
32.100000 -1.233019
32.200021 -1.211277
32.300000 -1.193450
32.400000 -1.178746
32.500000 -1.172052
32.600018 -1.165281
32.700000 -1.166179
32.800010 -1.177911
32.900000 -1.189575
33.000000 -1.202728
33.100000 -1.205884
33.200000 -1.204146
33.300000 -1.202197
33.400012 -1.196754
33.500000 -1.184253
33.600000 -1.175667
33.700000 -1.167221
33.800000 -1.158736
33.900000 -1.150457
34.000022 -1.148725
34.125735 -1.147074
34.200000 -1.152118
34.300000 -1.164045
34.400023 -1.170769
34.500000 -1.176058
34.600000 -1.189320
34.700000 -1.205734
34.800000 -1.227833
34.900000 -1.243653
35.000000 -1.253921
35.100000 -1.260479
35.200000 -1.268102
35.300000 -1.269496
35.400000 -1.264153
35.500000 -1.245283
35.600000 -1.226526
35.700014 -1.203066
35.800000 -1.182288
35.900000 -1.157847
36.000016 -1.142675
36.100000 -1.132947
36.200000 -1.121393
36.300006 -1.117714
36.400000 -1.119524
36.500000 -1.121359
36.600000 -1.127675
36.700000 -1.138592
36.800000 -1.153899
36.900000 -1.166015
37.000000 -1.188629
37.100000 -1.212425
37.200016 -1.238985
37.300000 -1.267418
37.400000 -1.294927
37.500008 -1.324904
37.600000 -1.344767
37.700000 -1.366537
37.800015 -1.377013
37.900011 -1.379522
38.000000 -1.371103
38.100000 -1.347094
38.200000 -1.324385
38.300000 -1.291996
38.400000 -1.262451
38.500000 -1.230057
38.600012 -1.203096
38.700000 -1.157465
38.800000 -1.056212
38.900000 -0.945480
39.000000 -0.766861
39.100000 -0.591377
39.200000 -0.342157
39.300000 -0.122462
39.400000 0.157293
39.500000 0.384403
39.600031 0.675856
39.700000 0.895841
39.800000 1.140624
39.900048 1.362592
40.000000 1.513209
40.100000 1.662408
40.200000 1.748713
40.300000 1.813195
40.400000 1.829898
40.500000 1.813536
40.600000 1.769952
40.700036 1.686492
40.800067 1.607284
40.929405 1.475790
41.000000 1.385509
41.100000 1.302090
41.200032 1.206105
41.300000 1.135671
41.400031 1.065626
41.500000 1.024136
41.600000 0.983576
41.700000 0.963358
41.800027 0.956664
41.900000 0.959373
42.000018 0.969263
42.100000 0.984988
42.200000 1.014488
42.300000 1.038031
42.400000 1.069467
42.500000 1.102448
42.600000 1.123875
42.700000 1.147552
42.800000 1.166256
42.900000 1.185532
43.000015 1.196861
43.100000 1.210472
43.200000 1.220308
43.300000 1.225552
43.400000 1.226748
43.500000 1.230327
43.600000 1.232203
43.700000 1.229623
43.800000 1.228069
43.900000 1.226497
44.000000 1.220187
44.100000 1.215923
44.200025 1.212826
44.300000 1.207953
44.400000 1.200287
44.500000 1.197817
44.600000 1.196364
44.700000 1.192345
44.800000 1.191583
44.900000 1.192881
45.000000 1.193092
45.100000 1.192783
45.200000 1.196918
45.300000 1.198950
45.400000 1.199872
45.500000 1.205459
45.600000 1.211349
45.700000 1.216174
45.800000 1.223000
45.900000 1.234962
46.000012 1.242781
46.100000 1.253535
46.200000 1.264626
46.300000 1.278318
46.400020 1.286514
46.500000 1.300392
46.600000 1.313435
46.700023 1.322939
46.800000 1.328847
46.900000 1.335053
47.000000 1.339264
47.100000 1.336441
47.200000 1.322736
47.300000 1.302369
47.400012 1.279876
47.500016 1.265537
47.600000 1.260078
47.723572 1.255421
47.800000 1.255594
47.900000 1.263622
48.000000 1.276467
48.100000 1.286939
48.200000 1.287589
48.300000 1.282894
48.400000 1.277166
48.500000 1.264091
48.600000 1.214257
48.700000 1.144696
48.800000 1.017521
48.900000 0.845247
49.000000 0.588116
49.100008 0.391528
49.200000 0.130212
49.300027 -0.132022
49.400000 -0.385604
49.500000 -0.624554
49.600000 -0.834342
49.700000 -1.021250
49.800000 -1.196118
49.900014 -1.347922
50.000000 -1.465141
50.100000 -1.554394
50.200000 -1.614506
50.300000 -1.650750
50.400000 -1.664477
50.500000 -1.656298
50.600000 -1.627777
50.700000 -1.585824
50.800009 -1.539069
50.900000 -1.487593
51.000016 -1.432913
51.100000 -1.384377
51.200000 -1.342309
51.300000 -1.304008
51.400000 -1.272933
51.500010 -1.253395
51.600000 -1.240648
51.700000 -1.235830
51.800000 -1.243200
51.900000 -1.257041
52.000000 -1.274471
52.100000 -1.296710
52.200018 -1.325209
52.300000 -1.349676
52.400000 -1.363675
52.500000 -1.362746
52.600000 -1.353275
52.700000 -1.339019
52.800000 -1.317768
52.900000 -1.293663
53.000019 -1.273777
53.100014 -1.253892
53.200000 -1.232223
53.300000 -1.214567
53.400000 -1.204856
53.500000 -1.197787
53.600000 -1.194984
53.700000 -1.200084
53.800000 -1.207167
53.900000 -1.212792
54.000000 -1.210414
54.100000 -1.202106
54.200000 -1.192412
54.300000 -1.178297
54.400016 -1.159755
54.528254 -1.139847
54.600000 -1.131938
54.700000 -1.116091
54.800018 -1.103555
54.900000 -1.096604
55.000022 -1.100319
55.100000 -1.117651
55.200020 -1.141994
55.300000 -1.167395
55.400025 -1.186439
55.500000 -1.201382
55.600000 -1.215590
55.700000 -1.221143
55.800000 -1.218958
55.900000 -1.215310
56.000000 -1.207591
56.100014 -1.195206
56.200008 -1.185338
56.300000 -1.177631
56.400000 -1.168645
56.500000 -1.163244
56.600000 -1.164755
56.700000 -1.168167
56.800000 -1.171628
56.900000 -1.182086
57.000000 -1.194820
57.100000 -1.208050
57.200000 -1.225884
57.300000 -1.246253
57.400000 -1.263377
57.500000 -1.277736
57.600000 -1.297751
57.700000 -1.314896
57.800024 -1.324052
57.900000 -1.331087
58.000000 -1.335911
58.100000 -1.334803
58.200000 -1.325397
58.300009 -1.304581
58.400000 -1.281053
58.500000 -1.257031
58.600000 -1.228470
58.700000 -1.199061
58.800015 -1.174746
58.900000 -1.151167
59.000000 -1.128177
59.100000 -1.112677
59.200000 -1.102652
59.300000 -1.095030
59.400007 -1.094316
59.500000 -1.103038
59.600017 -1.113633
59.700000 -1.123759
59.800000 -1.139234
59.900011 -1.156646
60.000000 -1.171141
60.100000 -1.187437
60.200000 -1.203673
60.300000 -1.215465
60.400000 -1.227544
60.500000 -1.241628
60.600009 -1.251350
60.700000 -1.260078
60.800000 -1.268767
60.900006 -1.277166
61.000000 -1.282094
61.100000 -1.278931
61.200000 -1.265884
61.331183 -1.243109
61.400000 -1.231798
61.500000 -1.208812
61.600000 -1.185628
61.700000 -1.167221
61.800000 -1.148966
61.900000 -1.131465
62.000018 -1.120504
62.100000 -1.112725
62.200003 -1.105394
62.300000 -1.103520
62.400016 -1.107018
62.500000 -1.110132
62.600000 -1.113797
62.700000 -1.122697
62.800000 -1.132165
62.900000 -1.143719
63.000009 -1.155603
63.100000 -1.167945
63.200000 -1.177048
63.300000 -1.183963
63.400000 -1.192147
63.500043 -1.196470
63.600000 -1.197054
63.700000 -1.200079
63.800000 -1.203780
63.900000 -1.205049
64.000000 -1.209352
64.100000 -1.217103
64.200000 -1.209018
64.300000 -1.181096
64.400027 -1.136909
64.500000 -1.071108
64.600000 -0.980657
64.700028 -0.870582
64.800000 -0.745790
64.900000 -0.613591
65.000000 -0.478400
65.100000 -0.346254
65.200000 -0.225681
65.300000 -0.119056
65.400062 -0.030274
65.500000 0.040615
65.600032 0.093592
65.700000 0.130493
65.800000 0.152707
65.900000 0.163844
66.000000 0.164483
66.100000 0.154783
66.200000 0.136775
66.300041 0.113121
66.400021 0.086912
66.500000 0.059291
66.600000 0.031822
66.700000 0.004514
66.800000 -0.020116
66.900000 -0.041108
67.000000 -0.055851
67.100000 -0.064124
67.200000 -0.066653
67.300000 -0.061895
67.400000 -0.051790
67.500000 -0.038976
67.600000 -0.026765
67.700000 -0.015079
67.800000 -0.006325
67.900000 -0.001773
68.000025 -0.001348
68.127355 -0.006320
68.200000 -0.010289
68.300000 -0.017914
68.400000 -0.025790
68.500000 -0.033422
68.600020 -0.039309
68.700000 -0.043462
68.800000 -0.045471
68.900000 -0.044772
69.000023 -0.041450
69.100016 -0.035921
69.200000 -0.029820
69.300000 -0.023713
69.400000 -0.016698
69.500000 -0.013556
69.600000 -0.011874
69.700023 -0.012487
69.800000 -0.014742
69.900000 -0.018865
70.000000 -0.022895
70.100000 -0.030215
70.200000 -0.036016
70.300200 -0.039673
70.400000 -0.043491
70.500000 -0.044806
70.600000 -0.045473
70.700020 -0.044286
70.800000 -0.041718
70.900000 -0.038455
71.000000 -0.033881
71.100000 -0.028017
71.200017 -0.021398
71.300000 -0.013764
71.400000 -0.008487
71.500000 -0.001166
71.600000 0.003385
71.700000 0.004755
71.800000 0.002623
71.900000 -0.001927
72.000000 -0.007965
72.100000 -0.015414
72.200022 -0.023046
72.300000 -0.029145
72.400000 -0.036350
72.500000 -0.041297
72.600000 -0.042879
72.700000 -0.041265
72.800000 -0.036623
72.900000 -0.031712
73.000009 -0.024086
73.100000 -0.017276
73.200000 -0.012305
73.300000 -0.011263
73.400020 -0.012456
73.500000 -0.016175
73.600019 -0.021732
73.700000 -0.027839
73.800000 -0.034578
73.900022 -0.040685
74.000000 -0.045753
74.100000 -0.048923
74.200015 -0.049871
74.300000 -0.049043
74.400000 -0.047520
74.500000 -0.044593
74.600000 -0.040224
74.700000 -0.034154
74.800000 -0.027720
74.925510 -0.059895
75.000000 -0.116431
75.100000 -0.225395
75.200000 -0.375954
75.300000 -0.564850
75.400000 -0.769859
75.500000 -0.974892
75.600000 -1.154869
75.700000 -1.303097
75.800000 -1.418200
75.900000 -1.497023
76.000019 -1.536180
76.100000 -1.536218
76.200000 -1.506124
76.300000 -1.458500
76.400009 -1.397799
76.500000 -1.329641
76.600000 -1.268671
76.700000 -1.218455
76.800018 -1.177988
76.900006 -1.142453
77.000009 -1.109591
77.100000 -1.084713
77.200000 -1.068984
77.300000 -1.057335
77.400000 -1.052803
77.500027 -1.057857
77.600000 -1.066269
77.700000 -1.077897
77.800000 -1.095991
77.900000 -1.117419
78.000005 -1.136187
78.100000 -1.156047
78.200000 -1.178167
78.300008 -1.195809
78.400000 -1.210395
78.500000 -1.227110
78.600029 -1.242539
78.700000 -1.253752
78.800000 -1.266033
78.900000 -1.279746
79.000022 -1.291485
79.100000 -1.304441
79.200000 -1.317464
79.300000 -1.331155
79.400000 -1.340228
79.500000 -1.354431
79.600000 -1.368878
79.700000 -1.374740
79.800008 -1.370376
79.900016 -1.354701
80.000000 -1.328124
80.100000 -1.303381
80.200000 -1.264679
80.300000 -1.232483
80.400020 -1.194386
80.500000 -1.163842
80.600000 -1.128003
80.700000 -1.107210
80.800000 -1.086751
80.900000 -1.069274
81.000000 -1.061698
81.100000 -1.059731
81.200000 -1.059862
81.300008 -1.063491
81.400000 -1.075603
81.500000 -1.097116
81.600015 -1.113455
81.728105 -1.149835
81.800000 -1.175933
81.900000 -1.209367
82.000017 -1.240933
82.100000 -1.272099
82.200000 -1.307140
82.300000 -1.325854
82.400000 -1.330683
82.500000 -1.322881
82.600020 -1.307468
82.700000 -1.285001
82.800018 -1.264004
82.900000 -1.248023
83.000000 -1.233983
83.100000 -1.223564
83.200000 -1.214254
83.300021 -1.199659
83.400000 -1.191414
83.500000 -1.183909
83.600014 -1.176058
83.700000 -1.168158
83.800000 -1.166700
83.900000 -1.165513
84.000000 -1.164875
84.100000 -1.170469
84.200000 -1.178784
84.300000 -1.183977
84.400000 -1.194960
84.500000 -1.207089
84.600000 -1.222359
84.700000 -1.236810
84.800011 -1.260031
84.900000 -1.278714
85.000000 -1.300508
85.100039 -1.319281
85.200000 -1.343158
85.300000 -1.356218
85.400015 -1.362245
85.500000 -1.370058
85.600000 -1.374354
85.700000 -1.374109
85.800000 -1.364365
85.900000 -1.345354
86.000000 -1.329810
86.100000 -1.307054
86.200000 -1.282354
86.300000 -1.267412
86.400000 -1.252980
86.500002 -1.241145
86.600000 -1.233177
86.700015 -1.232560
86.800000 -1.232063
86.900000 -1.234967
87.000018 -1.245573
87.100000 -1.254118
87.200009 -1.261973
87.300000 -1.270421
87.400000 -1.285604
87.500017 -1.297829
87.600000 -1.303102
87.700000 -1.299915
87.800000 -1.296267
87.900000 -1.289330
88.000000 -1.278666
88.100000 -1.260715
88.200000 -1.249262
88.300000 -1.235720
88.400000 -1.222074
88.526772 -1.208528
88.600000 -1.206834
88.700000 -1.202930
88.800019 -1.200176
88.900000 -1.201121
89.000005 -1.199669
89.100000 -1.196065
89.200001 -1.197016
89.300000 -1.199612
89.400071 -1.200596
89.500000 -1.204793
89.600000 -1.210812
89.700000 -1.171135
89.800000 -1.098119
89.900000 -0.952312
90.000000 -0.798500
90.100000 -0.566281
90.200000 -0.357602
90.300000 -0.078517
90.400000 0.142838
90.500000 0.412713
90.600032 0.626184
90.700000 0.881472
90.800000 1.060514
90.900000 1.251316
91.000000 1.403837
91.100000 1.502843
91.200000 1.604088
91.300000 1.660847
91.400000 1.697751
91.500000 1.705466
91.600000 1.698999
91.700000 1.679485
91.800061 1.637650
91.900026 1.599363
92.000000 1.546451
92.100000 1.489489
92.200000 1.444798
92.300019 1.395290
92.400021 1.356627
92.500000 1.310322
92.600000 1.281515
92.700000 1.252671
92.800000 1.230399
92.900000 1.208267
93.000060 1.196094
93.100000 1.181188
93.200000 1.170421
93.300000 1.164432
93.400012 1.160512
93.500022 1.157877
93.600000 1.160546
93.700000 1.165976
93.800000 1.172994
93.900016 1.181810
94.000018 1.201681
94.100000 1.218499
94.200000 1.236125
94.300000 1.252720
94.400000 1.272119
94.500000 1.282692
94.600023 1.292728
94.700000 1.299294
94.800000 1.300605
94.900000 1.297529
95.000000 1.296483
95.100000 1.292318
95.200030 1.286669
95.326458 1.285984
95.400000 1.286418
95.500000 1.283718
95.600020 1.281670
95.700000 1.283728
95.800052 1.283723
95.900000 1.286129
96.000000 1.292714
96.100000 1.300364
96.200032 1.302942
96.300000 1.307189
96.400017 1.312741
96.500000 1.316919
96.600000 1.319478
96.700000 1.322601
96.800015 1.322476
96.900000 1.320114
97.000012 1.321151
97.100000 1.321290
97.200000 1.315661
97.300000 1.310519
97.400016 1.306114
97.500000 1.301091
97.600000 1.292902
97.700000 1.288939
97.800000 1.283713
97.900018 1.275831
98.000016 1.272422
98.100000 1.270388
98.200000 1.265841
98.300000 1.260348
98.400000 1.259356
98.500000 1.256096
98.600000 1.250631
98.700017 1.247984
98.800000 1.248153
98.900000 1.244251
99.000000 1.241850
99.100020 1.242887
99.200000 1.241883
99.300000 1.241440
99.400000 1.245404
99.500000 1.248823
99.600000 1.251466
99.700000 1.256558
99.800000 1.267214
99.900000 1.248205
100.000000 1.168794
100.100000 1.065002
100.200000 0.883611
100.300000 0.644120
100.400000 0.419827
100.500000 0.103148
100.600014 -0.153106
100.700015 -0.454188
100.800035 -0.671772
100.900007 -0.913968
101.000000 -1.089958
101.100017 -1.261246
101.200000 -1.361479
101.300000 -1.448859
101.400016 -1.489099
101.500000 -1.505820
101.600000 -1.499221
101.700000 -1.478610
101.800000 -1.436451
101.900034 -1.397997
102.000000 -1.351935
102.126714 -1.306828
102.200000 -1.271873
102.300000 -1.242120
102.400020 -1.208677
102.500000 -1.183042
102.600019 -1.159344
102.700000 -1.143897
102.800000 -1.133164
102.900000 -1.124744
103.000020 -1.124899
103.100000 -1.127115
103.200014 -1.129496
103.300000 -1.138866
103.400000 -1.149163
103.500005 -1.158813
103.600008 -1.168288
103.700024 -1.185637
103.800000 -1.201271
103.900000 -1.211958
104.000000 -1.228233
104.100000 -1.238960
104.200008 -1.246108
104.300000 -1.250940
104.400000 -1.254914
104.500000 -1.253453
104.600000 -1.251982
104.700000 -1.252927
104.800021 -1.250284
104.900000 -1.245939
105.000000 -1.246919
105.100000 -1.253043
105.200005 -1.259172
105.300000 -1.273690
105.400000 -1.292082
105.500000 -1.313382
105.600000 -1.329646
105.700000 -1.349662
105.800015 -1.360284
105.900000 -1.364201
106.000000 -1.357216
106.100000 -1.335197
106.200000 -1.308341
106.300000 -1.283525
106.400000 -1.248216
106.500000 -1.224919
106.600000 -1.202801
106.700000 -1.186689
106.800000 -1.170436
106.900000 -1.165759
107.000016 -1.166797
107.100000 -1.170981
107.200009 -1.185102
107.300008 -1.201156
107.400000 -1.221210
107.500000 -1.234764
107.600000 -1.238561
107.700000 -1.237769
107.800000 -1.232227
107.900017 -1.217196
108.000000 -1.202579
108.100000 -1.185155
108.200000 -1.168505
108.300000 -1.147517
108.400000 -1.134912
108.500000 -1.121436
108.600000 -1.106114
108.700008 -1.096604
108.800000 -1.090079
108.927811 -1.082554
109.000000 -1.079573
109.100000 -1.079341
109.200020 -1.080747
109.300000 -1.081051
109.400000 -1.086737
109.500000 -1.094199
109.600000 -1.099947
109.700000 -1.107823
109.800000 -1.119312
109.900000 -1.133932
110.000021 -1.141753
110.100000 -1.151756
110.200000 -1.159826
110.300000 -1.166680
110.400000 -1.172975
110.500000 -1.183456
110.600000 -1.189440
110.700000 -1.196639
110.800000 -1.205894
110.900000 -1.217466
111.000008 -1.222170
111.100000 -1.226203
111.200000 -1.233887
111.300000 -1.238266
111.400000 -1.245988
111.500000 -1.256066
111.600017 -1.266964
111.700000 -1.275378
111.800000 -1.290462
111.900000 -1.305232
112.000000 -1.320100
112.100000 -1.324977
112.200016 -1.321296
112.300018 -1.314052
112.400000 -1.305039
112.500000 -1.284832
112.600000 -1.264466
112.700014 -1.242327
112.800000 -1.224621
112.900000 -1.203269
113.000000 -1.191876
113.100000 -1.180618
113.200014 -1.171005
113.300000 -1.169233
113.400000 -1.174591
113.500000 -1.179185
113.600000 -1.185942
113.700000 -1.196832
113.800007 -1.213487
113.900015 -1.225566
114.000000 -1.244767
114.100000 -1.262442
114.200000 -1.279707
114.300008 -1.295876
114.400000 -1.311045
114.500000 -1.327367
114.600000 -1.336590
114.700000 -1.338864
114.800000 -1.335583
114.900000 -1.329010
115.000000 -1.318602
115.100000 -1.297520
115.200000 -1.278425
115.300000 -1.252136
115.400031 -1.225426
115.500039 -1.171342
115.600000 -1.096121
115.726665 -0.971972
115.800000 -0.897164
115.900000 -0.788698
116.000000 -0.646201
116.100000 -0.530933
116.200038 -0.391881
116.300000 -0.288630
116.400000 -0.173873
116.500000 -0.092566
116.600000 -0.004267
116.700000 0.068351
116.800032 0.112433
116.900000 0.151706
117.000000 0.174750
117.100000 0.190009
117.200000 0.191624
117.300000 0.176490
117.400024 0.154544
117.500000 0.118608
117.600000 0.086694
117.700000 0.045524
117.800016 0.014147
117.900000 -0.022188
118.000000 -0.054990
118.100000 -0.075608
118.200000 -0.093901
118.300000 -0.099601
118.400000 -0.097600
118.500000 -0.088951
118.600000 -0.071878
118.700000 -0.054849
118.800024 -0.033706
118.900000 -0.018847
119.000000 -0.004497
119.100000 0.004183
119.200000 0.006841
119.300000 0.005450
119.400000 0.001613
119.500000 -0.005892
119.600019 -0.012612
119.700000 -0.020801
119.800000 -0.026217
119.900000 -0.031270
120.000041 -0.033737
120.100000 -0.033575
120.200014 -0.031384
120.300000 -0.026602
120.400000 -0.021849
120.500000 -0.016383
120.600021 -0.013210
120.700022 -0.012161
120.800000 -0.013849
120.900000 -0.016605
121.000007 -0.016605
121.100000 -0.016605
121.200005 -0.016605
121.300000 -0.016605
121.400000 -0.016605
121.500000 -0.016605
121.600000 -0.016605
121.700000 -0.016605
121.800000 -0.016605
121.900000 -0.016605
122.000000 -0.016605
122.100000 -0.016605
122.200000 -0.016605
122.300008 -0.016605
122.400000 -0.016605
122.519939 -0.016605
122.600000 -0.016605
122.700000 -0.016605
122.800000 -0.016605
122.900000 -0.016605
123.000000 -0.016605
123.100000 -0.016605
123.200016 -0.016605
123.300000 -0.016605
123.400000 -0.016605
123.500000 -0.016605
123.600005 -0.016605
123.700000 -0.016605
123.800000 -0.016605
123.900005 -0.016605
124.000000 -0.016605
124.100000 -0.016605
124.200000 -0.016605
124.300000 -0.016605
124.400000 -0.016605
124.500000 -0.016605
124.600007 -0.016605
124.700000 -0.016605
124.800000 -0.016605
124.900000 -0.016605
125.000000 -0.016605
125.100005 -0.016605
125.200000 -0.016605
125.300000 -0.016605
125.400000 -0.016605
125.500000 -0.016605
125.600000 -0.016605
125.700000 -0.016605
