0.072160 0.000000
0.100000 0.000000
0.200000 0.000000
0.300000 0.000000
0.400015 0.000000
0.500000 0.000000
0.600000 0.000000
0.700000 0.000000
0.800000 0.000000
0.900000 0.000000
1.000009 0.000000
1.100005 0.000000
1.200000 0.000000
1.300000 0.000000
1.400000 0.000000
1.500000 0.000000
1.600000 0.000000
1.700010 0.000000
1.800000 0.000000
1.900000 0.000000
2.000000 0.000000
2.100000 0.000000
2.200000 0.000000
2.300000 0.000000
2.400000 0.000000
2.500000 0.000000
2.600000 0.000000
2.700006 0.000000
2.800006 0.000000
2.900000 0.000000
3.000000 0.000000
3.100000 0.000000
3.200000 0.000000
3.300000 0.000000
3.400015 0.000000
3.500008 0.000000
3.600000 0.000000
3.700000 0.000000
3.800000 0.000000
3.900000 0.000000
4.000000 0.000000
4.100000 0.000000
4.200015 0.000000
4.300000 0.000000
4.400000 0.000000
4.500000 0.000000
4.600000 0.000000
4.700000 0.000000
4.800000 0.000000
4.900000 0.000000
5.000023 0.000000
5.100014 0.000000
5.200007 0.000000
5.300000 0.000000
5.400000 0.000000
5.500000 0.000000
5.600005 0.000000
5.700000 0.000000
5.800000 0.000000
5.900000 0.000000
6.000000 0.000000
6.100000 0.000000
6.200000 0.000000
6.300000 0.000000
6.400000 0.000000
6.500000 0.000000
6.600000 0.000000
6.700008 0.000000
6.800016 0.000000
6.907009 0.000000
7.000000 0.000000
7.100000 0.000000
7.200013 0.000000
7.300000 0.000000
7.400005 0.000000
7.500000 0.000000
7.600024 0.000000
7.700000 0.000000
7.800006 0.000000
7.900000 0.000000
8.000000 0.000000
8.100000 0.000000
8.200011 0.000000
8.300005 0.000000
8.400000 0.000000
8.500009 0.000000
8.600000 0.000000
8.700000 0.000000
8.800005 0.000000
8.900000 0.000000
9.000000 0.000000
9.100000 0.000000
9.200000 0.000000
9.300000 0.000000
9.400000 0.000000
9.500006 0.000000
9.600000 0.000000
9.700000 0.000000
9.800000 0.000000
9.900000 0.000000
10.000000 0.000000
10.100000 0.000000
10.200011 0.000000
10.300000 0.000000
10.400000 0.000000
10.500000 0.000000
10.600000 0.000000
10.700005 0.000000
10.800000 0.000000
10.900000 0.000000
11.000015 0.000000
11.100000 0.000000
11.200006 0.000000
11.300000 0.000000
11.400005 0.000000
11.500000 0.000000
11.600000 0.000000
11.700000 0.000000
11.800000 0.000000
11.900000 0.000000
12.000010 0.000000
12.100000 0.000000
12.200000 0.000000
12.300000 0.000000
12.400006 0.000000
12.500000 0.000000
12.600000 0.000000
12.700020 0.000000
12.800000 0.000000
12.900000 0.000000
13.000000 0.000000
13.100000 -1.922000
13.200000 -1.820000
13.300000 -1.722000
13.400024 -1.622000
13.500031 -1.522000
13.600000 -1.422000
13.722120 -1.288000
13.800000 -1.222000
13.900000 -1.122000
14.000000 -1.022000
14.100000 -0.922000
14.200000 -0.822000
14.300000 -0.722000
14.400000 -0.622000
14.500000 -0.522000
14.600018 -0.422000
14.700030 -0.322000
14.800000 -0.222000
14.900000 -0.122000
15.000000 -0.022000
15.100000 0.078000
15.200025 0.178000
15.300000 0.278000
15.400000 0.378000
15.500000 0.478000
15.600000 0.578000
15.700000 0.678000
15.800000 0.778000
15.900000 0.878000
16.000000 0.978000
16.100000 1.076000
16.200000 1.176000
16.300000 1.278000
16.400060 1.378000
16.500000 1.476000
16.600000 1.576000
16.700000 1.676000
16.800032 1.776000
16.900000 1.876000
17.000000 1.978000
17.100045 2.076000
17.200000 2.176000
17.300000 2.276000
17.400061 2.376000
17.500025 2.476000
17.600000 2.576000
17.700000 2.692000
17.800034 2.774000
17.900000 2.874000
18.000000 2.992000
18.100000 3.092000
18.200000 3.192000
18.300000 3.292000
18.400000 3.392000
18.500000 3.492000
18.600015 3.592000
18.700000 3.692000
18.800000 3.790000
18.900000 3.892000
19.000000 3.982000
19.100028 4.090000
19.200038 4.190000
19.300000 4.290000
19.400000 4.390000
19.500000 4.490000
19.600000 4.590000
19.700000 4.690000
19.800000 4.790000
19.900000 4.890000
20.000000 4.992000
20.100000 5.090000
20.200012 5.190000
20.300000 5.290000
20.400000 5.390000
20.522391 5.506000
20.600000 5.590000
20.700000 5.690000
20.800000 5.790000
20.900000 5.890000
21.000013 5.990000
21.100000 6.090000
21.200020 6.190000
21.300000 6.290000
21.400000 6.390000
21.500000 6.490000
21.600014 6.590000
21.700000 6.690000
21.800000 6.790000
21.900013 6.890000
22.000000 6.988000
22.100000 7.088000
22.200000 7.190000
22.300000 7.288000
22.400014 7.388000
22.500000 7.490000
22.600000 7.590000
22.700000 7.690000
22.800000 7.788000
22.900000 7.888000
23.000000 7.988000
23.100000 8.088000
23.200000 8.188000
23.300000 8.288000
23.400000 8.388000
23.500000 8.488000
23.600000 8.588000
23.700000 8.688000
23.800000 8.788000
23.900011 8.888000
24.000000 8.988000
24.100000 9.088000
24.200000 9.186000
24.300015 9.288000
24.400000 9.388000
24.500000 9.486000
24.600038 9.586000
24.700000 9.686000
24.800000 9.786000
24.900000 9.886000
25.000000 9.986000
25.100000 10.086000
25.200000 10.186000
25.300000 10.286000
25.400000 10.386000
25.500000 10.486000
25.600000 10.586000
25.700000 10.686000
25.800000 10.786000
25.900000 10.886000
26.000010 10.986000
26.100000 11.086000
26.200000 11.186000
26.300000 11.286000
26.400000 11.386000
26.500000 11.484000
26.600000 11.584000
26.700000 11.684000
26.800000 11.786000
26.900000 11.886000
27.000000 11.984000
27.100000 12.084000
27.200000 12.184000
27.323655 12.302000
27.400000 12.384000
27.500000 12.484000
27.600000 12.584000
27.700004 12.684000
27.800000 12.784000
27.900000 12.884000
28.000021 12.984000
28.100000 13.084000
28.200000 13.184000
28.300022 13.284000
28.400000 13.384000
28.500000 13.484000
28.600000 13.584000
28.700000 13.684000
28.800004 13.784000
28.900014 13.884000
29.000000 13.984000
29.100000 14.084000
29.200000 14.184000
29.300000 14.284000
29.400008 14.384000
29.500000 14.484000
29.600000 14.584000
29.700000 14.684000
29.800000 14.784000
29.900013 14.884000
30.000000 14.984000
30.100000 15.082000
30.200000 15.184000
30.300000 15.284000
30.400007 15.382000
30.500000 15.484000
30.600016 15.584000
30.700000 15.682000
30.800000 15.782000
30.900000 15.884000
31.000000 15.984000
31.100009 16.084000
31.200000 16.181999
31.300000 16.282000
31.400000 16.384001
31.500000 16.482000
31.600000 16.584000
31.700000 16.681999
31.800000 16.782000
31.900000 16.884001
32.000000 16.983999
32.100000 17.084000
32.200021 17.181999
32.300000 17.284000
32.400000 17.384001
32.500000 17.482000
32.600018 17.584000
32.700000 17.684000
32.800010 17.784000
32.900000 17.882000
33.000000 17.982000
33.100000 18.086000
33.200000 18.184000
33.300000 18.282000
33.400012 18.384001
33.500000 18.483999
33.600000 18.582001
33.700000 18.681999
33.800000 18.782000
33.900000 18.882000
34.000022 18.982000
34.125735 19.115999
34.200000 19.184000
34.300000 19.282000
34.400023 19.384001
34.500000 19.482000
34.600000 19.582001
34.700000 19.681999
34.800000 19.784000
34.900000 19.884001
35.000000 19.983999
35.100000 20.082001
35.200000 20.184000
35.300000 20.284000
35.400000 20.382000
35.500000 20.483999
35.600000 20.584000
35.700014 20.684000
35.800000 20.782000
35.900000 20.886000
36.000016 20.986000
36.100000 21.084000
36.200000 21.184000
36.300006 21.282000
36.400000 21.382000
36.500000 21.483999
36.600000 21.584000
36.700000 21.681999
36.800000 21.784000
36.900000 21.884001
37.000000 21.982000
37.100000 22.082001
37.200016 22.181999
37.300000 22.284000
37.400000 22.382000
37.500008 22.482000
37.600000 22.582001
37.700000 22.684000
37.800015 22.782000
37.900011 22.882000
38.000000 22.982000
38.100000 23.086000
38.200000 23.184000
38.300000 23.282000
38.400000 23.382000
38.500000 23.482000
38.600012 23.582001
38.700000 23.681999
38.800000 23.782000
38.900000 23.882000
39.000000 23.982000
39.100000 24.082001
39.200000 24.181999
39.300000 24.282000
39.400000 24.379999
39.500000 24.482000
39.600031 24.580000
39.700000 24.680000
39.800000 24.780001
39.900048 24.882000
40.000000 24.980000
40.100000 25.080000
40.200000 25.180000
40.300000 25.282000
40.400000 25.379999
40.500000 25.480000
40.600000 25.580000
40.700036 25.677999
40.800067 25.778000
40.929405 25.912001
41.000000 25.980000
41.100000 26.077999
41.200032 26.180000
41.300000 26.278000
41.400031 26.378000
41.500000 26.478001
41.600000 26.577999
41.700000 26.677999
41.800027 26.778000
41.900000 26.878000
42.000018 26.978001
42.100000 27.077999
42.200000 27.177999
42.300000 27.275999
42.400000 27.375999
42.500000 27.476000
42.600000 27.576000
42.700000 27.676001
42.800000 27.775999
42.900000 27.875999
43.000015 27.976000
43.100000 28.076000
43.200000 28.176001
43.300000 28.275999
43.400000 28.375999
43.500000 28.476000
43.600000 28.576000
43.700000 28.676001
43.800000 28.775999
43.900000 28.874001
44.000000 28.974001
44.100000 29.076000
44.200025 29.174000
44.300000 29.274000
44.400000 29.374001
44.500000 29.474001
44.600000 29.573999
44.700000 29.690001
44.800000 29.790001
44.900000 29.889999
45.000000 29.974001
45.100000 30.090000
45.200000 30.190001
45.300000 30.274000
45.400000 30.389999
45.500000 30.490000
45.600000 30.590000
45.700000 30.690001
45.800000 30.790001
45.900000 30.889999
46.000012 30.988001
46.100000 31.090000
46.200000 31.190001
46.300000 31.290001
46.400020 31.389999
46.500000 31.490000
46.600000 31.587999
46.700023 31.690001
46.800000 31.788000
46.900000 31.888000
47.000000 31.990000
47.100000 32.088001
47.200000 32.188000
47.300000 32.287998
47.400012 32.388000
47.500016 32.490002
47.600000 32.588001
47.723572 32.703999
47.800000 32.787998
47.900000 32.888000
48.000000 32.987999
48.100000 33.088001
48.200000 33.188000
48.300000 33.287998
48.400000 33.386002
48.500000 33.486000
48.600000 33.588001
48.700000 33.686001
48.800000 33.785999
48.900000 33.886002
49.000000 33.987999
49.100008 34.085999
49.200000 34.186001
49.300027 34.285999
49.400000 34.386002
49.500000 34.486000
49.600000 34.585999
49.700000 34.686001
49.800000 34.785999
49.900014 34.886002
50.000000 34.986000
50.100000 35.085999
50.200000 35.186001
50.300000 35.285999
50.400000 35.383999
50.500000 35.486000
50.600000 35.585999
50.700000 35.686001
50.800009 35.784000
50.900000 35.886002
51.000016 35.986000
51.100000 36.085999
51.200000 36.183998
51.300000 36.285999
51.400000 36.386002
51.500010 36.484001
51.600000 36.584000
51.700000 36.683998
51.800000 36.784000
51.900000 36.883999
52.000000 36.984001
52.100000 37.084000
52.200018 37.183998
52.300000 37.284000
52.400000 37.383999
52.500000 37.484001
52.600000 37.584000
52.700000 37.683998
52.800000 37.784000
52.900000 37.883999
53.000019 37.984001
53.100014 38.084000
53.200000 38.183998
53.300000 38.284000
53.400000 38.383999
53.500000 38.484001
53.600000 38.584000
53.700000 38.683998
53.800000 38.784000
53.900000 38.883999
54.000000 38.984001
54.100000 39.082001
54.200000 39.183998
54.300000 39.282001
54.400016 39.382000
54.528254 39.515999
54.600000 39.582001
54.700000 39.681999
54.800018 39.782001
54.900000 39.882000
55.000022 39.981998
55.100000 40.082001
55.200020 40.181999
55.300000 40.282001
55.400025 40.382000
55.500000 40.481998
55.600000 40.582001
55.700000 40.681999
55.800000 40.782001
55.900000 40.882000
56.000000 40.981998
56.100014 41.082001
56.200008 41.181999
56.300000 41.282001
56.400000 41.382000
56.500000 41.481998
56.600000 41.582001
56.700000 41.681999
56.800000 41.779999
56.900000 41.880001
57.000000 41.980000
57.100000 42.080002
57.200000 42.180000
57.300000 42.279999
57.400000 42.380001
57.500000 42.480000
57.600000 42.580002
57.700000 42.680000
57.800024 42.779999
57.900000 42.880001
58.000000 42.980000
58.100000 43.080002
58.200000 43.180000
58.300009 43.279999
58.400000 43.380001
58.500000 43.480000
58.600000 43.580002
58.700000 43.680000
58.800015 43.779999
58.900000 43.882000
59.000000 43.980000
59.100000 44.080002
59.200000 44.180000
59.300000 44.279999
59.400007 44.380001
59.500000 44.480000
59.600017 44.580002
59.700000 44.680000
59.800000 44.779999
59.900011 44.880001
60.000000 44.980000
60.100000 45.080002
60.200000 45.178001
60.300000 45.279999
60.400000 45.380001
60.500000 45.478001
60.600009 45.577999
60.700000 45.678001
60.800000 45.779999
60.900006 45.877998
61.000000 45.978001
61.100000 46.080002
61.200000 46.180000
61.331183 46.313999
61.400000 46.377998
61.500000 46.478001
61.600000 46.577999
61.700000 46.678001
61.800000 46.778000
61.900000 46.877998
62.000018 46.978001
62.100000 47.077999
62.200003 47.178001
62.300000 47.279999
62.400016 47.377998
62.500000 47.478001
62.600000 47.577999
62.700000 47.678001
62.800000 47.778000
62.900000 47.877998
63.000009 47.980000
63.100000 48.077999
63.200000 48.178001
63.300000 48.278000
63.400000 48.377998
63.500043 48.480000
63.600000 48.577999
63.700000 48.678001
63.800000 48.778000
63.900000 48.877998
64.000000 48.980000
64.100000 49.077999
64.200000 49.178001
64.300000 49.278000
64.400027 49.377998
64.500000 49.478001
64.600000 49.577999
64.700028 49.678001
64.800000 49.778000
64.900000 49.877998
65.000000 49.978001
65.100000 50.077999
65.200000 50.178001
65.300000 50.278000
65.400062 50.377998
65.500000 50.476002
65.600032 50.576000
65.700000 50.675999
65.800000 50.776001
65.900000 50.875999
66.000000 50.976002
66.100000 51.076000
66.200000 51.175999
66.300041 51.276001
66.400021 51.375999
66.500000 51.476002
66.600000 51.576000
66.700000 51.675999
66.800000 51.776001
66.900000 51.875999
67.000000 51.976002
67.100000 52.076000
67.200000 52.174000
67.300000 52.273998
67.400000 52.374001
67.500000 52.473999
67.600000 52.574001
67.700000 52.674000
67.800000 52.773998
67.900000 52.874001
68.000025 52.973999
68.127355 53.108002
68.200000 53.174000
68.300000 53.276001
68.400000 53.375999
68.500000 53.473999
68.600020 53.574001
68.700000 53.674000
68.800000 53.773998
68.900000 53.874001
69.000023 53.973999
69.100016 54.074001
69.200000 54.174000
69.300000 54.273998
69.400000 54.389999
69.500000 54.478001
69.600000 54.571999
69.700023 54.689999
69.800000 54.790001
69.900000 54.889999
70.000000 54.972000
70.100000 55.088001
70.200000 55.188000
70.300200 55.271999
70.400000 55.388000
70.500000 55.472000
70.600000 55.588001
70.700020 55.689999
70.800000 55.787998
70.900000 55.888000
71.000000 55.987999
71.100000 56.088001
71.200017 56.188000
71.300000 56.287998
71.400000 56.369999
71.500000 56.487999
71.600000 56.588001
71.700000 56.688000
71.800000 56.787998
71.900000 56.888000
72.000000 56.987999
72.100000 57.088001
72.200022 57.188000
72.300000 57.285999
72.400000 57.386002
72.500000 57.486000
72.600000 57.585999
72.700000 57.688000
72.800000 57.787998
72.900000 57.886002
73.000009 57.986000
73.100000 58.085999
73.200000 58.188000
73.300000 58.285999
73.400020 58.386002
73.500000 58.486000
73.600019 58.585999
73.700000 58.686001
73.800000 58.785999
73.900022 58.886002
74.000000 58.986000
74.100000 59.085999
74.200015 59.186001
74.300000 59.285999
74.400000 59.386002
74.500000 59.486000
74.600000 59.585999
74.700000 59.683998
74.800000 59.784000
74.925510 59.902000
75.000000 59.986000
75.100000 60.084000
75.200000 60.183998
75.300000 60.284000
75.400000 60.383999
75.500000 60.484001
75.600000 60.585999
75.700000 60.683998
75.800000 60.784000
75.900000 60.883999
76.000019 60.984001
76.100000 61.084000
76.200000 61.183998
76.300000 61.284000
76.400009 61.383999
76.500000 61.484001
76.600000 61.584000
76.700000 61.683998
76.800018 61.784000
76.900006 61.883999
77.000009 61.981998
77.100000 62.084000
77.200000 62.183998
77.300000 62.284000
77.400000 62.383999
77.500027 62.481998
77.600000 62.584000
77.700000 62.683998
77.800000 62.782001
77.900000 62.882000
78.000005 62.981998
78.100000 63.084000
78.200000 63.181999
78.300008 63.282001
78.400000 63.382000
78.500000 63.481998
78.600029 63.582001
78.700000 63.681999
78.800000 63.782001
78.900000 63.882000
79.000022 63.981998
79.100000 64.082001
79.200000 64.181999
79.300000 64.281998
79.400000 64.382004
79.500000 64.482002
79.600000 64.582001
79.700000 64.681999
79.800008 64.781998
79.900016 64.882004
80.000000 64.982002
80.100000 65.082001
80.200000 65.181999
80.300000 65.281998
80.400020 65.382004
80.500000 65.482002
80.600000 65.580002
80.700000 65.680000
80.800000 65.779999
80.900000 65.879997
81.000000 65.980003
81.100000 66.080002
81.200000 66.180000
81.300008 66.279999
81.400000 66.382004
81.500000 66.480003
81.600015 66.582001
81.728105 66.713997
81.800000 66.779999
81.900000 66.879997
82.000017 66.980003
82.100000 67.080002
82.200000 67.181999
82.300000 67.279999
82.400000 67.379997
82.500000 67.480003
82.600020 67.580002
82.700000 67.683998
82.800018 67.781998
82.900000 67.879997
83.000000 67.980003
83.100000 68.080002
83.200000 68.180000
83.300021 68.279999
83.400000 68.382004
83.500000 68.480003
83.600014 68.580002
83.700000 68.681999
83.800000 68.779999
83.900000 68.879997
84.000000 68.980003
84.100000 69.080002
84.200000 69.180000
84.300000 69.281998
84.400000 69.379997
84.500000 69.480003
84.600000 69.580002
84.700000 69.680000
84.800011 69.779999
84.900000 69.882004
85.000000 69.980003
85.100039 70.080002
85.200000 70.180000
85.300000 70.279999
85.400015 70.379997
85.500000 70.482002
85.600000 70.580002
85.700000 70.680000
85.800000 70.779999
85.900000 70.879997
86.000000 70.982002
86.100000 71.080002
86.200000 71.181999
86.300000 71.279999
86.400000 71.379997
86.500002 71.480003
86.600000 71.580002
86.700015 71.680000
86.800000 71.779999
86.900000 71.879997
87.000018 71.980003
87.100000 72.082001
87.200009 72.180000
87.300000 72.279999
87.400000 72.379997
87.500017 72.480003
87.600000 72.580002
87.700000 72.680000
87.800000 72.779999
87.900000 72.879997
88.000000 72.980003
88.100000 73.080002
88.200000 73.180000
88.300000 73.279999
88.400000 73.379997
88.526772 73.514000
88.600000 73.580002
88.700000 73.680000
88.800019 73.779999
88.900000 73.879997
89.000005 73.980003
89.100000 74.078003
89.200001 74.180000
89.300000 74.279999
89.400071 74.379997
89.500000 74.477997
89.600000 74.578003
89.700000 74.680000
89.800000 74.778000
89.900000 74.877998
90.000000 74.977997
90.100000 75.078003
90.200000 75.178001
90.300000 75.278000
90.400000 75.379997
90.500000 75.477997
90.600032 75.578003
90.700000 75.678001
90.800000 75.778000
90.900000 75.877998
91.000000 75.977997
91.100000 76.078003
91.200000 76.178001
91.300000 76.276001
91.400000 76.375999
91.500000 76.475998
91.600000 76.575996
91.700000 76.676003
91.800061 76.778000
91.900026 76.875999
92.000000 76.977997
92.100000 77.078003
92.200000 77.176003
92.300019 77.278000
92.400021 77.375999
92.500000 77.475998
92.600000 77.575996
92.700000 77.674004
92.800000 77.774002
92.900000 77.875999
93.000060 77.973999
93.100000 78.073997
93.200000 78.174004
93.300000 78.274002
93.400012 78.375999
93.500022 78.473999
93.600000 78.573997
93.700000 78.674004
93.800000 78.776001
93.900016 78.874001
94.000018 78.973999
94.100000 79.073997
94.200000 79.174004
94.300000 79.274002
94.400000 79.374001
94.500000 79.473999
94.600023 79.571999
94.700000 79.671997
94.800000 79.772003
94.900000 79.874001
95.000000 79.972000
95.100000 80.087997
95.200030 80.180000
95.326458 80.306000
95.400000 80.372002
95.500000 80.472000
95.600020 80.587997
95.700000 80.688004
95.800052 80.772003
95.900000 80.888000
96.000000 80.987999
96.100000 81.087997
96.200032 81.171997
96.300000 81.288002
96.400017 81.388000
96.500000 81.487999
96.600000 81.587997
96.700000 81.685997
96.800015 81.786003
96.900000 81.888000
97.000012 81.986000
97.100000 82.085999
97.200000 82.185997
97.300000 82.288002
97.400016 82.386002
97.500000 82.486000
97.600000 82.585999
97.700000 82.685997
97.800000 82.786003
97.900018 82.886002
98.000016 82.986000
98.100000 83.085999
98.200000 83.185997
98.300000 83.286003
98.400000 83.386002
98.500000 83.486000
98.600000 83.585999
98.700017 83.685997
98.800000 83.783997
98.900000 83.884003
99.000000 83.984001
99.100020 84.084000
99.200000 84.183998
99.300000 84.283997
99.400000 84.384003
99.500000 84.484001
99.600000 84.584000
99.700000 84.683998
99.800000 84.783997
99.900000 84.884003
100.000000 84.984001
100.100000 85.084000
100.200000 85.183998
100.300000 85.283997
100.400000 85.384003
100.500000 85.484001
100.600014 85.584000
100.700015 85.683998
100.800035 85.781998
100.900007 85.884003
101.000000 85.982002
101.100017 86.084000
101.200000 86.181999
101.300000 86.281998
101.400016 86.382004
101.500000 86.482002
101.600000 86.582001
101.700000 86.681999
101.800000 86.781998
101.900034 86.882004
102.000000 86.982002
102.126714 87.098000
102.200000 87.181999
102.300000 87.281998
102.400020 87.382004
102.500000 87.482002
102.600019 87.582001
102.700000 87.681999
102.800000 87.781998
102.900000 87.882004
103.000020 87.982002
103.100000 88.082001
103.200014 88.181999
103.300000 88.281998
103.400000 88.382004
103.500005 88.482002
103.600008 88.582001
103.700024 88.680000
103.800000 88.781998
103.900000 88.879997
104.000000 88.982002
104.100000 89.080002
104.200008 89.180000
104.300000 89.279999
104.400000 89.379997
104.500000 89.482002
104.600000 89.580002
104.700000 89.680000
104.800021 89.779999
104.900000 89.882004
105.000000 89.980003
105.100000 90.080002
105.200005 90.180000
105.300000 90.279999
105.400000 90.379997
105.500000 90.480003
105.600000 90.582001
105.700000 90.680000
105.800015 90.779999
105.900000 90.879997
106.000000 90.980003
106.100000 91.080002
106.200000 91.180000
106.300000 91.279999
106.400000 91.379997
106.500000 91.480003
106.600000 91.580002
106.700000 91.680000
106.800000 91.778000
106.900000 91.879997
107.000016 91.977997
107.100000 92.080002
107.200009 92.180000
107.300008 92.278000
107.400000 92.377998
107.500000 92.477997
107.600000 92.580002
107.700000 92.678001
107.800000 92.778000
107.900017 92.877998
108.000000 92.977997
108.100000 93.078003
108.200000 93.178001
108.300000 93.278000
108.400000 93.377998
108.500000 93.477997
108.600000 93.578003
108.700008 93.678001
108.800000 93.778000
108.927811 93.910004
109.000000 93.977997
109.100000 94.078003
109.200020 94.178001
109.300000 94.278000
109.400000 94.375999
109.500000 94.477997
109.600000 94.575996
109.700000 94.678001
109.800000 94.776001
109.900000 94.875999
110.000021 94.975998
110.100000 95.075996
110.200000 95.176003
110.300000 95.276001
110.400000 95.375999
110.500000 95.475998
110.600000 95.575996
110.700000 95.676003
110.800000 95.776001
110.900000 95.875999
111.000008 95.975998
111.100000 96.075996
111.200000 96.176003
111.300000 96.276001
111.400000 96.375999
111.500000 96.475998
111.600017 96.575996
111.700000 96.676003
111.800000 96.776001
111.900000 96.875999
112.000000 96.975998
112.100000 97.075996
112.200016 97.176003
112.300018 97.276001
112.400000 97.375999
112.500000 97.475998
112.600000 97.575996
112.700014 97.676003
112.800000 97.776001
112.900000 97.875999
113.000000 97.975998
113.100000 98.075996
113.200014 98.176003
113.300000 98.276001
113.400000 98.375999
113.500000 98.475998
113.600000 98.575996
113.700000 98.674004
113.800007 98.776001
113.900015 98.875999
114.000000 98.975998
114.100000 99.073997
114.200000 99.176003
114.300008 99.276001
114.400000 99.374001
114.500000 99.473999
114.600000 99.575996
114.700000 99.674004
114.800000 99.774002
114.900000 99.874001
115.000000 99.973999
115.100000 100.075996
115.200000 100.174004
115.300000 100.274002
115.400031 100.374001
115.500039 100.473999
115.600000 100.573997
115.726665 100.708000
115.800000 100.774002
115.900000 100.874001
116.000000 100.973999
116.100000 101.073997
116.200038 101.174004
116.300000 101.274002
116.400000 101.374001
116.500000 101.473999
116.600000 101.573997
116.700000 101.674004
116.800032 101.774002
116.900000 101.874001
117.000000 101.973999
117.100000 102.073997
117.200000 102.171997
117.300000 102.274002
117.400024 102.374001
117.500000 102.473999
117.600000 102.573997
117.700000 102.671997
117.800016 102.772003
117.900000 102.874001
118.000000 102.972000
118.100000 103.071999
118.200000 103.171997
118.300000 103.272003
118.400000 103.372002
118.500000 103.472000
118.600000 103.571999
118.700000 103.671997
118.800024 103.772003
118.900000 103.872002
119.000000 103.972000
119.100000 104.071999
119.200000 104.171997
119.300000 104.272003
119.400000 104.372002
119.500000 104.470001
119.600019 104.570000
119.700000 104.669998
119.800000 104.769997
119.900000 104.870003
120.000041 104.973999
120.100000 105.087997
120.200014 105.185997
120.300000 105.281998
120.400000 105.386002
120.500000 105.486000
120.600021 105.570000
120.700022 105.685997
120.800000 105.786003
120.900000 105.835999
121.000007 105.835999
121.100000 105.835999
121.200005 105.835999
121.300000 105.835999
121.400000 105.835999
121.500000 105.835999
121.600000 105.835999
121.700000 105.835999
121.800000 105.835999
121.900000 105.835999
122.000000 105.835999
122.100000 105.835999
122.200000 105.835999
122.300008 105.835999
122.400000 105.835999
122.519939 105.835999
122.600000 105.835999
122.700000 105.835999
122.800000 105.835999
122.900000 105.835999
123.000000 105.835999
123.100000 105.835999
123.200016 105.835999
123.300000 105.835999
123.400000 105.835999
123.500000 105.835999
123.600005 105.835999
123.700000 105.835999
123.800000 105.835999
123.900005 105.835999
124.000000 105.835999
124.100000 105.835999
124.200000 105.835999
124.300000 105.835999
124.400000 105.835999
124.500000 105.835999
124.600007 105.835999
124.700000 105.835999
124.800000 105.835999
124.900000 105.835999
125.000000 105.835999
125.100005 105.835999
125.200000 105.835999
125.300000 105.835999
125.400000 105.835999
125.500000 105.835999
125.600000 105.835999
125.700000 105.835999
