0.072160 0.000000
0.100000 0.000000
0.200000 0.000000
0.300000 0.000000
0.400015 0.000000
0.500000 0.000000
0.600000 0.000000
0.700000 0.000000
0.800000 0.000000
0.900000 0.000000
1.000009 0.000000
1.100005 0.000000
1.200000 0.000000
1.300000 0.000000
1.400000 0.000000
1.500000 0.000000
1.600000 0.000000
1.700010 0.000000
1.800000 0.000000
1.900000 0.000000
2.000000 0.000000
2.100000 0.000000
2.200000 0.000000
2.300000 0.000000
2.400000 0.000000
2.500000 0.000000
2.600000 0.000000
2.700006 0.000000
2.800006 0.000000
2.900000 0.000000
3.000000 0.000000
3.100000 0.000000
3.200000 0.000000
3.300000 0.000000
3.400015 0.000000
3.500008 0.000000
3.600000 0.000000
3.700000 0.000000
3.800000 0.000000
3.900000 0.000000
4.000000 0.000000
4.100000 0.000000
4.200015 0.000000
4.300000 0.000000
4.400000 0.000000
4.500000 0.000000
4.600000 0.000000
4.700000 0.000000
4.800000 0.000000
4.900000 0.000000
5.000023 0.000000
5.100014 0.000000
5.200007 0.000000
5.300000 0.000000
5.400000 0.000000
5.500000 0.000000
5.600005 0.000000
5.700000 0.000000
5.800000 0.000000
5.900000 0.000000
6.000000 0.000000
6.100000 0.000000
6.200000 0.000000
6.300000 0.000000
6.400000 0.000000
6.500000 0.000000
6.600000 0.000000
6.700008 0.000000
6.800016 0.000000
6.907009 0.000000
7.000000 0.000000
7.100000 0.000000
7.200013 0.000000
7.300000 0.000000
7.400005 0.000000
7.500000 0.000000
7.600024 0.000000
7.700000 0.000000
7.800006 0.000000
7.900000 0.000000
8.000000 0.000000
8.100000 0.000000
8.200011 0.000000
8.300005 0.000000
8.400000 0.000000
8.500009 0.000000
8.600000 0.000000
8.700000 0.000000
8.800005 0.000000
8.900000 0.000000
9.000000 0.000000
9.100000 0.000000
9.200000 0.000000
9.300000 0.000000
9.400000 0.000000
9.500006 0.000000
9.600000 0.000000
9.700000 0.000000
9.800000 0.000000
9.900000 0.000000
10.000000 0.000000
10.100000 0.000000
10.200011 0.000000
10.300000 0.000000
10.400000 0.000000
10.500000 0.000000
10.600000 0.000000
10.700005 0.000000
10.800000 0.000000
10.900000 0.000000
11.000015 0.000000
11.100000 0.000000
11.200006 0.000000
11.300000 0.000000
11.400005 0.000000
11.500000 0.000000
11.600000 0.000000
11.700000 0.000000
11.800000 0.000000
11.900000 0.000000
12.000010 0.000000
12.100000 0.000000
12.200000 0.000000
12.300000 0.000000
12.400006 0.000000
12.500000 0.000000
12.600000 0.000000
12.700020 0.000000
12.800000 0.000000
12.900000 0.000000
13.000000 0.000000
13.100000 0.000000
13.200000 0.000000
13.300000 0.000000
13.400024 0.000000
13.500031 0.000000
13.600000 0.000000
13.722120 0.000000
13.800000 0.000000
13.900000 0.000000
14.000000 0.000000
14.100000 0.000000
14.200000 0.000000
14.300000 0.000000
14.400000 0.000000
14.500000 0.000000
14.600018 0.000000
14.700030 0.000000
14.800000 0.000000
14.900000 0.000000
15.000000 0.000000
15.100000 0.179754
15.200025 0.069801
15.300000 3.759881
15.400000 3.883912
15.500000 8.067950
15.600000 8.770286
15.700000 11.492127
15.800000 13.853773
15.900000 14.803432
16.000000 18.998335
16.100000 19.226284
16.200000 21.037300
16.300000 21.545792
16.400060 22.981956
16.500000 24.814722
16.600000 25.074409
16.700000 27.902565
16.800032 28.390347
16.900000 29.829487
17.000000 31.642012
17.100045 31.761105
17.200000 33.816235
17.300000 34.562305
17.400061 36.310753
17.500025 37.595760
17.600000 38.735382
17.700000 40.191315
17.800034 40.073315
17.900000 42.857719
18.000000 43.396282
18.100000 44.155964
18.200000 46.721092
18.300000 47.180496
18.400000 48.639465
18.500000 50.030270
18.600015 51.413494
18.700000 52.920326
18.800000 52.977806
18.900000 56.261127
19.000000 55.962723
19.100028 56.309273
19.200038 56.476410
19.300000 55.886078
19.400000 55.119087
19.500000 54.530556
19.600000 53.823921
19.700000 53.280701
19.800000 52.627621
19.900000 56.061905
20.000000 55.737644
20.100000 58.861057
20.200012 60.247074
20.300000 63.279629
20.400000 64.562057
20.522391 63.669865
20.600000 63.418697
20.700000 62.307072
20.800000 61.445572
20.900000 64.007339
21.000013 64.034729
21.100000 67.914291
21.200020 68.808609
21.300000 71.162216
21.400000 72.000053
21.500000 73.157150
21.600014 74.694939
21.700000 73.711227
21.800000 73.236763
21.900013 72.053749
22.000000 70.617676
22.100000 69.509636
22.200000 68.170128
22.300000 66.880653
22.400014 66.560646
22.500000 66.150024
22.600000 67.031517
22.700000 66.295280
22.800000 69.768883
22.900000 69.110405
23.000000 70.373695
23.100000 71.080666
23.200000 71.439888
23.300000 72.072182
23.400000 71.195229
23.500000 71.348068
23.600000 70.270187
23.700000 69.281281
23.800000 68.709671
23.900011 67.730652
24.000000 67.516747
24.100000 67.248833
24.200000 67.467484
24.300015 69.066254
24.400000 68.108986
24.500000 71.057510
24.600038 70.383446
24.700000 72.025246
24.800000 70.737381
24.900000 69.453667
25.000000 68.223557
25.100000 67.038879
25.200000 65.886398
25.300000 64.774666
25.400000 63.705013
25.500000 62.685036
25.600000 61.709278
25.700000 60.776966
25.800000 59.887764
25.900000 59.049507
26.000010 58.245892
26.100000 57.477741
26.200000 56.741257
26.300000 56.037773
26.400000 55.367027
26.500000 54.722050
26.600000 54.100353
26.700000 53.507736
26.800000 52.936882
26.900000 52.384274
27.000000 51.855808
27.100000 51.348877
27.200000 51.446030
27.323655 50.883633
27.400000 51.318363
27.500000 50.830780
27.600000 50.353699
27.700004 51.182625
27.800000 51.315590
27.900000 53.103775
28.000021 52.954082
28.100000 56.369171
28.200000 60.704494
28.300022 60.462055
28.400000 60.760952
28.500000 64.892502
28.600000 63.845665
28.700000 63.796356
28.800004 62.793087
28.900014 61.824799
29.000000 60.897362
29.100000 60.009472
29.200000 59.161850
29.300000 58.357502
29.400008 57.581409
29.500000 56.971207
29.600000 56.285637
29.700000 57.036716
29.800000 56.318653
29.900013 55.621262
30.000000 56.397541
30.100000 55.976467
30.200000 58.916367
30.300000 58.093086
30.400007 57.308685
30.500000 57.409729
30.600016 57.902378
30.700000 58.719055
30.800000 57.912273
30.900000 57.128159
31.000000 56.371567
31.100009 56.749035
31.200000 56.356289
31.300000 55.609879
31.400000 54.997993
31.500000 54.533478
31.600000 55.821342
31.700000 56.985252
31.800000 56.703480
31.900000 55.886272
32.000000 55.818695
32.100000 57.866756
32.200021 57.724785
32.300000 58.238506
32.400000 57.348824
32.500000 56.658531
32.600018 57.345970
32.700000 56.705956
32.800010 57.251637
32.900000 56.561901
33.000000 55.727894
33.100000 55.578476
33.200000 55.118484
33.300000 56.055992
33.400012 55.408314
33.500000 54.630989
33.600000 56.268707
33.700000 55.884808
33.800000 56.382278
33.900000 55.563934
34.000022 54.927547
34.125735 58.570190
34.200000 62.594151
34.300000 65.670975
34.400023 65.596504
34.500000 66.168198
34.600000 64.918884
34.700000 63.942120
34.800000 62.767796
34.900000 61.852024
35.000000 60.757511
35.100000 59.922096
35.200000 58.921551
35.300000 57.971504
35.400000 57.240551
35.500000 56.487846
35.600000 55.823971
35.700014 55.021702
35.800000 55.345261
35.900000 54.729465
36.000016 53.978291
36.100000 53.399227
36.200000 52.708401
36.300006 52.176319
36.400000 51.533787
36.500000 51.149223
36.600000 50.968994
36.700000 51.448467
36.800000 51.219414
36.900000 52.437145
37.000000 55.146526
37.100000 56.562336
37.200016 56.635376
37.300000 59.207279
37.400000 59.370274
37.500008 61.919048
37.600000 61.060699
37.700000 60.021614
37.800015 59.228882
37.900011 59.076973
38.000000 58.324650
38.100000 57.497261
38.200000 56.810249
38.300000 55.989994
38.400000 56.095737
38.500000 55.517117
38.600012 54.785728
38.700000 54.212433
38.800000 53.616871
38.900000 53.314934
39.000000 53.176334
39.100000 52.922153
39.200000 52.361130
39.300000 52.291531
39.400000 52.637848
39.500000 53.624241
39.600031 55.681778
39.700000 55.418144
39.800000 55.646858
39.900048 57.371719
40.000000 57.232574
40.100000 58.526829
40.200000 57.798882
40.300000 56.918877
40.400000 57.472805
40.500000 56.874199
40.600000 56.218853
40.700036 55.462765
40.800067 54.881824
40.929405 54.054050
41.000000 53.535667
41.100000 53.388252
41.200032 53.609943
41.300000 53.818398
41.400031 53.177864
41.500000 53.072670
41.600000 54.137314
41.700000 54.540531
41.800027 55.955906
41.900000 55.704197
42.000018 54.960358
42.100000 56.840900
42.200000 56.217987
42.300000 56.058098
42.400000 55.291065
42.500000 54.548786
42.600000 54.586430
42.700000 53.923592
42.800000 53.378090
42.900000 53.283634
43.000015 53.815208
43.100000 53.145023
43.200000 52.694992
43.300000 52.082569
43.400000 51.601913
43.500000 53.573494
43.600000 53.249218
43.700000 52.724712
43.800000 52.093445
43.900000 51.751930
44.000000 51.403732
44.100000 51.096413
44.200025 50.657310
44.300000 50.528393
44.400000 50.815582
44.500000 55.267818
44.600000 56.443020
44.700000 55.883896
44.800000 55.175797
44.900000 54.835621
45.000000 58.112141
45.100000 57.225914
45.200000 56.373810
45.300000 55.725723
45.400000 54.950039
45.500000 54.205917
45.600000 53.630524
45.700000 52.944447
45.800000 52.415291
45.900000 51.773830
46.000012 54.169605
46.100000 54.615578
46.200000 54.084633
46.300000 53.955399
46.400020 53.532619
46.500000 56.049084
46.600000 55.411873
46.700023 54.643124
46.800000 53.986801
46.900000 53.423958
47.000000 52.744774
47.100000 52.137867
47.200000 51.590271
47.300000 51.104385
47.400012 51.259346
47.500016 54.443279
47.600000 57.721138
47.723572 57.028706
47.800000 56.271549
47.900000 56.747536
48.000000 57.517597
48.100000 56.735561
48.200000 57.646362
48.300000 56.875938
48.400000 56.273701
48.500000 55.550392
48.600000 54.732018
48.700000 54.612743
48.800000 54.870720
48.900000 54.217945
49.000000 53.475258
49.100008 52.998581
49.200000 52.418819
49.300027 51.863586
49.400000 51.327011
49.500000 50.791283
49.600000 50.290863
49.700000 51.971565
49.800000 53.932831
49.900014 53.865406
50.000000 54.180023
50.100000 53.699371
50.200000 54.987900
50.300000 55.921867
50.400000 55.270973
50.500000 54.696445
50.600000 54.069172
50.700000 53.472324
50.800009 52.894947
50.900000 52.342388
51.000016 51.814289
51.100000 51.769310
51.200000 51.859478
51.300000 51.780884
51.400000 52.261761
51.500010 53.343445
51.600000 55.148281
51.700000 56.835075
51.800000 56.377537
51.900000 57.645676
52.000000 58.092365
52.100000 59.018711
52.200018 58.865623
52.300000 58.067310
52.400000 57.296886
52.500000 57.424633
52.600000 56.698429
52.700000 55.996170
52.800000 56.221016
52.900000 55.718620
53.000019 55.060898
53.100014 54.427288
53.200000 53.820915
53.300000 55.210278
53.400000 56.054428
53.500000 55.379570
53.600000 54.734177
53.700000 54.111855
53.800000 53.508759
53.900000 52.928116
54.000000 52.372383
54.100000 51.841328
54.200000 51.392895
54.300000 51.321857
54.400016 51.920368
54.528254 51.249928
54.600000 50.949402
54.700000 50.957409
54.800018 51.466984
54.900000 52.143639
55.000022 54.235485
55.100000 56.649994
55.200020 56.377831
55.300000 57.202820
55.400025 56.460732
55.500000 57.755520
55.600000 57.110233
55.700000 56.364059
55.800000 55.654842
55.900000 54.972515
56.000000 54.313610
56.100014 53.683403
56.200008 53.077919
56.300000 52.489464
56.400000 51.922298
56.500000 51.774761
56.600000 52.050457
56.700000 51.647812
56.800000 52.382633
56.900000 51.872055
57.000000 52.667316
57.100000 53.671516
57.200000 53.533569
57.300000 54.206059
57.400000 53.623421
57.500000 54.259003
57.600000 57.929371
57.700000 57.308216
57.800024 56.694576
57.900000 55.963531
58.000000 55.233353
58.100000 54.535461
58.200000 53.862732
58.300009 53.228058
58.400000 53.447380
58.500000 52.876949
58.600000 52.270332
58.700000 51.941631
58.800015 52.231598
58.900000 52.227982
59.000000 52.893715
59.100000 52.591827
59.200000 53.322144
59.300000 53.671646
59.400007 54.941692
59.500000 55.825592
59.600017 55.151318
59.700000 55.179886
59.800000 56.375511
59.900011 56.172451
60.000000 56.834728
60.100000 56.062431
60.200000 55.313980
60.300000 56.908096
60.400000 56.137924
60.500000 55.387547
60.600009 56.540146
60.700000 57.708385
60.800000 56.898788
60.900006 56.119404
61.000000 55.375370
61.100000 54.655930
61.200000 53.973858
61.331183 53.064919
61.400000 52.688904
61.500000 52.083828
61.600000 51.507469
61.700000 51.222759
61.800000 50.853416
61.900000 50.856686
62.000018 50.325127
62.100000 50.859131
62.200003 50.755627
62.300000 51.348606
62.400016 51.506809
62.500000 51.079483
62.600000 52.191917
62.700000 51.854042
62.800000 55.117168
62.900000 58.327625
63.000009 57.633881
63.100000 58.388943
63.200000 57.570827
63.300000 56.785526
63.400000 56.033546
63.500043 55.313599
63.600000 54.629391
63.700000 54.325428
63.800000 53.680389
63.900000 53.065815
64.000000 52.779129
64.100000 52.326309
64.200000 53.504684
64.300000 53.681358
64.400027 55.582085
64.500000 56.739964
64.600000 56.983807
64.700028 57.383224
64.800000 56.625149
64.900000 55.895023
65.000000 55.323135
65.100000 55.203224
65.200000 54.617565
65.300000 53.974297
65.400062 53.350914
65.500000 52.804447
65.600032 52.290524
65.700000 51.732132
65.800000 53.355171
65.900000 53.465271
66.000000 57.977333
66.100000 57.733345
66.200000 59.794651
66.300041 59.614685
66.400021 59.351421
66.500000 58.506840
66.600000 59.339081
66.700000 64.008133
66.800000 66.774712
66.900000 68.851959
67.000000 72.503975
67.100000 74.315544
67.200000 78.177864
67.300000 78.979309
67.400000 78.944397
67.500000 77.406677
67.600000 77.181023
67.700000 75.707695
67.800000 74.273254
67.900000 72.892166
68.000025 71.834801
68.127355 70.029007
68.200000 69.460419
68.300000 69.949371
68.400000 69.262970
68.500000 70.442001
68.600020 69.695831
68.700000 70.261200
68.800000 71.727196
68.900000 73.004822
69.000023 74.282082
69.100016 73.977722
69.200000 73.204620
69.300000 74.080406
69.400000 72.443748
69.500000 71.381409
69.600000 71.101112
69.700023 70.382027
69.800000 69.129997
69.900000 67.923347
70.000000 67.024185
70.100000 65.878021
70.200000 66.598404
70.300200 65.827461
70.400000 65.872055
70.500000 65.112152
70.600000 66.614578
70.700020 68.495827
70.800000 69.103256
70.900000 71.082405
71.000000 71.592232
71.100000 73.645119
71.200017 74.866936
71.300000 74.844482
71.400000 74.612167
71.500000 74.939728
71.600000 73.541756
71.700000 72.181671
71.800000 71.843513
71.900000 71.068146
72.000000 70.800850
72.100000 69.542305
72.200022 68.343094
72.300000 68.184738
72.400000 68.521057
72.500000 67.957474
72.600000 69.238754
72.700000 74.685669
72.800000 75.167816
72.900000 76.126030
73.000009 76.605270
73.100000 75.146362
73.200000 73.469467
73.300000 72.382599
73.400020 71.064270
73.500000 69.791725
73.600019 68.562042
73.700000 67.386482
73.800000 66.557602
73.900022 65.459869
74.000000 65.880974
74.100000 67.016525
74.200015 67.097305
74.300000 65.958237
74.400000 65.461716
74.500000 68.503426
74.600000 69.704559
74.700000 71.243896
74.800000 73.789642
74.925510 75.509460
75.000000 75.122345
75.100000 73.726067
75.200000 72.896187
75.300000 71.813408
75.400000 70.519783
75.500000 69.254776
75.600000 68.036743
75.700000 66.851189
75.800000 65.714760
75.900000 64.605972
76.000019 63.538990
76.100000 62.513870
76.200000 61.546070
76.300000 60.613132
76.400009 59.732925
76.500000 58.894485
76.600000 58.314537
76.700000 57.595661
76.800018 57.042339
76.900006 56.323708
77.000009 55.639172
77.100000 55.707325
77.200000 55.653248
77.300000 55.925976
77.400000 55.262501
77.500027 54.621296
77.600000 55.157024
77.700000 54.599987
77.800000 53.984783
77.900000 53.390514
78.000005 52.822155
78.100000 52.277962
78.200000 51.749607
78.300008 51.241470
78.400000 51.304966
78.500000 51.720497
78.600029 51.869179
78.700000 52.458023
78.800000 52.464680
78.900000 53.977837
79.000022 54.264427
79.100000 54.953735
79.200000 54.974625
79.300000 55.530766
79.400000 54.997986
79.500000 57.022598
79.600000 56.724178
79.700000 56.629997
79.800008 55.852932
79.900016 55.262062
80.000000 55.463963
80.100000 54.888161
80.200000 54.195034
80.300000 53.667561
80.400020 53.028557
80.500000 53.154823
80.600000 52.859798
80.700000 52.371418
80.800000 52.027817
80.900000 51.808632
81.000000 51.527813
81.100000 51.726624
81.200000 51.266750
81.300008 53.289848
81.400000 57.376675
81.500000 57.650558
81.600015 58.150814
81.728105 64.049019
81.800000 66.172615
81.900000 65.716583
82.000017 67.239716
82.100000 66.759354
82.200000 65.504837
82.300000 64.530960
82.400000 63.355011
82.500000 62.458168
82.600020 61.365089
82.700000 60.320675
82.800018 59.529335
82.900000 58.792690
83.000000 57.878998
83.100000 57.002296
83.200000 56.324444
83.300021 55.517399
83.400000 55.171452
83.500000 54.437683
83.600014 53.850739
83.700000 53.149738
83.800000 52.606400
83.900000 51.948322
84.000000 51.445339
84.100000 50.981045
84.200000 50.937439
84.300000 51.119705
84.400000 50.953262
84.500000 52.417152
84.600000 54.347866
84.700000 55.780399
84.800011 55.841740
84.900000 57.545712
85.000000 57.387024
85.100039 60.243549
85.200000 59.698505
85.300000 58.704166
85.400015 57.966846
85.500000 58.395397
85.600000 57.654411
85.700000 56.759434
85.800000 56.077282
85.900000 55.266388
86.000000 55.569092
86.100000 55.815617
86.200000 55.136803
86.300000 55.272488
86.400000 55.070724
86.500002 55.713577
86.600000 54.922760
86.700015 54.308517
86.800000 54.895275
86.900000 54.289574
87.000018 53.557079
87.100000 52.990810
87.200009 52.315468
87.300000 52.691730
87.400000 52.553406
87.500017 52.029331
87.600000 52.085953
87.700000 52.228653
87.800000 51.997211
87.900000 52.664490
88.000000 52.306194
88.100000 53.790920
88.200000 55.314701
88.300000 55.656998
88.400000 56.066315
88.526772 59.195572
88.600000 59.787994
88.700000 59.406563
88.800019 58.459789
88.900000 57.735062
89.000005 57.180260
89.100000 56.546795
89.200001 55.740070
89.300000 55.119522
89.400071 54.382099
89.500000 54.119011
89.600000 53.634304
89.700000 52.968521
89.800000 52.450150
89.900000 51.835846
90.000000 51.371914
90.100000 51.263752
90.200000 50.843269
90.300000 50.291100
90.400000 49.871082
90.500000 49.600395
90.600032 51.544277
90.700000 51.606438
90.800000 51.125065
90.900000 50.548592
91.000000 51.135986
91.100000 52.665207
91.200000 52.548714
91.300000 52.039028
91.400000 51.430252
91.500000 51.632992
91.600000 51.218296
91.700000 51.064922
91.800061 51.133675
91.900026 50.774921
92.000000 51.802200
92.100000 53.536308
92.200000 54.311573
92.300019 54.468948
92.400021 54.680023
92.500000 55.263432
92.600000 56.050827
92.700000 55.299881
92.800000 54.721939
92.900000 54.030842
93.000060 53.494354
93.100000 52.851070
93.200000 52.358181
93.300000 51.794521
93.400012 51.742485
93.500022 52.008327
93.600000 51.453274
93.700000 51.915302
93.800000 52.645126
93.900016 54.002457
94.000018 55.794769
94.100000 55.754040
94.200000 56.062767
94.300000 57.168221
94.400000 56.903671
94.500000 57.250500
94.600023 56.707520
94.700000 56.208603
94.800000 55.984356
94.900000 55.216133
95.000000 54.619999
95.100000 54.285515
95.200030 53.859329
95.326458 53.173470
95.400000 52.772488
95.500000 52.131062
95.600020 51.518024
95.700000 50.922264
95.800052 51.186798
95.900000 51.776829
96.000000 51.289688
96.100000 50.697353
96.200032 50.244507
96.300000 50.302708
96.400017 51.621799
96.500000 51.101925
96.600000 50.522133
96.700000 50.073662
96.800015 50.801437
96.900000 52.314777
97.000012 51.778893
97.100000 51.285206
97.200000 50.696804
97.300000 50.631359
97.400016 51.645252
97.500000 51.231209
97.600000 50.913403
97.700000 50.453091
97.800000 51.249752
97.900018 52.374569
98.000016 52.482216
98.100000 53.015953
98.200000 52.610294
98.300000 53.496929
98.400000 53.146553
98.500000 53.095806
98.600000 53.155487
98.700017 53.449524
98.800000 53.284798
98.900000 52.967888
99.000000 53.203156
99.100020 53.140362
99.200000 55.212753
99.300000 55.564632
99.400000 55.109318
99.500000 55.836681
99.600000 56.414341
99.700000 57.125362
99.800000 57.043507
99.900000 56.382740
100.000000 55.756084
100.100000 56.423180
100.200000 55.637730
100.300000 54.889172
100.400000 56.084366
100.500000 55.645237
100.600014 55.044838
100.700015 54.295013
100.800035 53.730827
100.900007 55.596596
101.000000 55.402035
101.100017 54.641331
101.200000 54.073559
101.300000 53.385540
101.400016 52.858978
101.500000 52.242947
101.600000 51.648876
101.700000 51.305172
101.800000 50.974625
101.900034 52.301102
102.000000 53.875614
102.126714 53.301575
102.200000 53.070011
102.300000 52.785507
102.400020 52.525101
102.500000 52.159557
102.600019 51.736214
102.700000 51.709404
102.800000 51.265671
102.900000 51.178127
103.000020 51.028736
103.100000 50.956001
103.200014 51.499565
103.300000 51.042084
103.400000 51.484467
103.500005 51.263252
103.600008 52.333157
103.700024 53.960457
103.800000 53.407589
103.900000 54.413795
104.000000 54.344856
104.100000 54.168858
104.200008 53.514271
104.300000 53.009102
104.400000 52.711060
104.500000 53.298672
104.600000 52.684509
104.700000 52.206684
104.800021 52.269360
104.900000 52.639397
105.000000 54.302872
105.100000 55.752083
105.200005 57.372673
105.300000 59.229816
105.400000 59.563999
105.500000 61.791695
105.600000 60.976711
105.700000 59.985935
105.800015 59.225948
105.900000 59.107468
106.000000 58.385700
106.100000 57.564266
106.200000 56.744633
106.300000 56.114029
106.400000 56.120911
106.500000 55.776688
106.600000 55.086769
106.700000 54.511757
106.800000 54.074406
106.900000 54.136272
107.000016 54.368179
107.100000 54.409889
107.200009 53.713444
107.300008 53.454773
107.400000 54.339283
107.500000 54.418831
107.600000 54.695274
107.700000 54.012444
107.800000 53.456673
107.900017 54.349091
108.000000 53.786968
108.100000 53.103420
108.200000 53.735001
108.300000 53.533627
108.400000 52.990715
108.500000 52.690739
108.600000 52.085609
108.700008 51.644619
108.800000 51.702393
108.927811 51.005661
109.000000 50.653824
109.100000 50.196541
109.200020 49.714211
109.300000 50.551311
109.400000 50.611919
109.500000 50.147026
109.600000 50.458290
109.700000 52.918697
109.800000 54.820518
109.900000 54.860851
110.000021 54.252563
110.100000 54.562790
110.200000 54.821815
110.300000 55.613617
110.400000 55.541813
110.500000 55.211132
110.600000 56.310032
110.700000 55.661530
110.800000 57.096283
110.900000 56.234982
111.000008 55.411243
111.100000 55.734863
111.200000 55.096176
111.300000 56.248528
111.400000 55.432213
111.500000 54.798481
111.600017 55.838043
111.700000 56.070141
111.800000 56.054115
111.900000 55.512852
112.000000 55.198341
112.100000 55.103050
112.200016 54.973579
112.300018 55.958549
112.400000 55.309437
112.500000 54.527817
112.600000 54.587582
112.700014 55.274067
112.800000 55.636448
112.900000 55.685135
113.000000 55.049194
113.100000 54.762901
113.200014 55.465240
113.300000 55.476673
113.400000 55.045437
113.500000 54.435287
113.600000 54.004452
113.700000 54.064510
113.800007 53.665657
113.900015 53.249260
114.000000 53.123856
114.100000 52.582985
114.200000 52.453915
114.300008 52.236721
114.400000 52.247063
114.500000 52.469204
114.600000 53.058514
114.700000 53.399616
114.800000 53.856064
114.900000 54.324512
115.000000 54.389488
115.100000 54.414452
115.200000 54.424019
115.300000 53.845638
115.400031 53.296516
115.500039 54.075012
115.600000 54.081791
115.726665 53.255367
115.800000 53.083065
115.900000 53.317184
116.000000 52.846085
116.100000 52.876686
116.200038 52.399830
116.300000 52.099014
116.400000 52.176582
116.500000 52.684772
116.600000 53.545498
116.700000 53.533276
116.800032 53.121574
116.900000 54.243977
117.000000 58.604317
117.100000 61.361164
117.200000 62.949078
117.300000 62.003273
117.400024 63.273029
117.500000 62.861862
117.600000 62.704689
117.700000 61.620750
117.800016 61.113869
117.900000 63.604557
118.000000 68.929443
118.100000 70.639679
118.200000 74.785812
118.300000 73.883156
118.400000 76.563477
118.500000 77.365540
118.600000 76.627182
118.700000 75.338356
118.800024 73.779404
118.900000 72.575439
119.000000 71.224251
119.100000 69.820335
119.200000 68.734917
119.300000 68.167450
119.400000 67.134735
119.500000 67.185982
119.600019 67.167969
119.700000 69.145630
119.800000 70.034355
119.900000 73.891701
120.000041 75.157867
120.100000 76.538948
120.200014 77.461708
120.300000 79.157936
120.400000 78.179565
120.500000 77.405853
120.600021 76.095894
120.700022 74.507088
120.800000 73.482483
120.900000 72.648438
121.000007 72.648438
121.100000 72.648438
121.200005 72.648438
121.300000 72.648438
121.400000 72.648438
121.500000 72.648438
121.600000 72.648438
121.700000 72.648438
121.800000 72.648438
121.900000 72.648438
122.000000 72.648438
122.100000 72.648438
122.200000 72.648438
122.300008 72.648438
122.400000 72.648438
122.519939 72.648438
122.600000 72.648438
122.700000 72.648438
122.800000 72.648438
122.900000 72.648438
123.000000 72.648438
123.100000 72.648438
123.200016 72.648438
123.300000 72.648438
123.400000 72.648438
123.500000 72.648438
123.600005 72.648438
123.700000 72.648438
123.800000 72.648438
123.900005 72.648438
124.000000 72.648438
124.100000 72.648438
124.200000 72.648438
124.300000 72.648438
124.400000 72.648438
124.500000 72.648438
124.600007 72.648438
124.700000 72.648438
124.800000 72.648438
124.900000 72.648438
125.000000 72.648438
125.100005 72.648438
125.200000 72.648438
125.300000 72.648438
125.400000 72.648438
125.500000 72.648438
125.600000 72.648438
125.700000 72.648438
