0.072160 0.000000
0.100000 0.000000
0.200000 0.000000
0.300000 0.000000
0.400015 0.000000
0.500000 0.000000
0.600000 0.000000
0.700000 0.000000
0.800000 0.000000
0.900000 0.000000
1.000009 0.000000
1.100005 0.000000
1.200000 0.000000
1.300000 0.000000
1.400000 0.000000
1.500000 0.000000
1.600000 0.000000
1.700010 0.000000
1.800000 0.000000
1.900000 0.000000
2.000000 0.000000
2.100000 0.000000
2.200000 0.000000
2.300000 0.000000
2.400000 0.000000
2.500000 0.000000
2.600000 0.000000
2.700006 0.000000
2.800006 0.000000
2.900000 0.000000
3.000000 0.000000
3.100000 0.000000
3.200000 0.000000
3.300000 0.000000
3.400015 0.000000
3.500008 0.000000
3.600000 0.000000
3.700000 0.000000
3.800000 0.000000
3.900000 0.000000
4.000000 0.000000
4.100000 0.000000
4.200015 0.000000
4.300000 0.000000
4.400000 0.000000
4.500000 0.000000
4.600000 0.000000
4.700000 0.000000
4.800000 0.000000
4.900000 0.000000
5.000023 0.000000
5.100014 0.000000
5.200007 0.000000
5.300000 0.000000
5.400000 0.000000
5.500000 0.000000
5.600005 0.000000
5.700000 0.000000
5.800000 0.000000
5.900000 0.000000
6.000000 0.000000
6.100000 0.000000
6.200000 0.000000
6.300000 0.000000
6.400000 0.000000
6.500000 0.000000
6.600000 0.000000
6.700008 0.000000
6.800016 0.000000
6.907009 0.000000
7.000000 0.000000
7.100000 0.000000
7.200013 0.000000
7.300000 0.000000
7.400005 0.000000
7.500000 0.000000
7.600024 0.000000
7.700000 0.000000
7.800006 0.000000
7.900000 0.000000
8.000000 0.000000
8.100000 0.000000
8.200011 0.000000
8.300005 0.000000
8.400000 0.000000
8.500009 0.000000
8.600000 0.000000
8.700000 0.000000
8.800005 0.000000
8.900000 0.000000
9.000000 0.000000
9.100000 0.000000
9.200000 0.000000
9.300000 0.000000
9.400000 0.000000
9.500006 0.000000
9.600000 0.000000
9.700000 0.000000
9.800000 0.000000
9.900000 0.000000
10.000000 0.000000
10.100000 0.000000
10.200011 0.000000
10.300000 0.000000
10.400000 0.000000
10.500000 0.000000
10.600000 0.000000
10.700005 0.000000
10.800000 0.000000
10.900000 0.000000
11.000015 0.000000
11.100000 0.000000
11.200006 0.000000
11.300000 0.000000
11.400005 0.000000
11.500000 0.000000
11.600000 0.000000
11.700000 0.000000
11.800000 0.000000
11.900000 0.000000
12.000010 0.000000
12.100000 0.000000
12.200000 0.000000
12.300000 0.000000
12.400006 0.000000
12.500000 0.000000
12.600000 0.000000
12.700020 0.000000
12.800000 0.000000
12.900000 0.000000
13.000000 0.000000
13.100000 0.000000
13.200000 0.000000
13.300000 0.000000
13.400024 0.000000
13.500031 0.000000
13.600000 0.000000
13.722120 0.000000
13.800000 0.000000
13.900000 0.000000
14.000000 0.000000
14.100000 0.000000
14.200000 0.000000
14.300000 -0.266665
14.400000 -0.266665
14.500000 -0.266665
14.600018 -0.266665
14.700030 -0.266665
14.800000 -0.266665
14.900000 -0.266665
15.000000 -0.266665
15.100000 -0.266665
15.200025 -0.266665
15.300000 -0.266632
15.400000 -0.266632
15.500000 -0.265565
15.600000 -0.258812
15.700000 -0.258812
15.800000 -0.246576
15.900000 -0.246576
16.000000 -0.226671
16.100000 -0.226671
16.200000 -0.202487
16.300000 -0.173208
16.400060 -0.173208
16.500000 -0.139693
16.600000 -0.139693
16.700000 -0.104266
16.800032 -0.070442
16.900000 -0.070442
17.000000 -0.038520
17.100045 -0.038520
17.200000 -0.007309
17.300000 0.024801
17.400061 0.024801
17.500025 0.048052
17.600000 0.048052
17.700000 0.069730
17.800034 0.085213
17.900000 0.085213
18.000000 0.092901
18.100000 0.092901
18.200000 0.095350
18.300000 0.095350
18.400000 0.091886
18.500000 0.082714
18.600015 0.082714
18.700000 0.070750
18.800000 0.070750
18.900000 0.050998
19.000000 0.035227
19.100028 0.035227
19.200038 0.017764
19.300000 0.017764
19.400000 0.004309
19.500000 0.004309
19.600000 -0.005881
19.700000 -0.011842
19.800000 -0.011842
19.900000 -0.013851
20.000000 -0.013851
20.100000 -0.012729
20.200012 -0.010979
20.300000 -0.010979
20.400000 -0.007552
20.522391 -0.003145
20.600000 -0.003145
20.700000 0.001439
20.800000 0.001439
20.900000 0.005117
21.000013 0.005117
21.100000 0.007444
21.200020 0.008445
21.300000 0.008445
21.400000 0.007376
21.500000 0.007376
21.600014 0.006020
21.700000 0.006020
21.800000 0.003753
21.900013 0.001980
22.000000 0.001980
22.100000 -0.001575
22.200000 -0.001575
22.300000 -0.006131
22.400014 -0.009648
22.500000 -0.009648
22.600000 -0.011046
22.700000 -0.011046
22.800000 -0.008543
22.900000 -0.008543
23.000000 -0.004045
23.100000 0.001303
23.200000 0.001303
23.300000 0.005941
23.400000 0.005941
23.500000 0.009080
23.600000 0.009901
23.700000 0.009901
23.800000 0.009360
23.900011 0.009360
24.000000 0.007254
24.100000 0.002838
24.200000 0.002838
24.300015 -0.001440
24.400000 -0.001440
24.500000 0.002173
24.600038 0.065437
24.700000 0.065437
24.800000 0.135125
24.900000 0.135125
25.000000 0.138891
25.100000 0.138891
25.200000 0.166295
25.300000 0.171077
25.400000 0.171077
25.500000 0.120010
25.600000 0.120010
25.700000 0.098779
25.800000 0.045876
25.900000 0.045876
26.000010 0.049509
26.100000 0.049509
26.200000 0.066944
26.300000 0.066944
26.400000 0.042199
26.500000 0.065583
26.600000 0.065583
26.700000 0.045816
26.800000 0.045816
26.900000 0.073747
27.000000 0.056795
27.100000 0.056795
27.200000 0.084608
27.323655 0.066762
27.400000 0.066762
27.500000 0.094539
27.600000 0.094539
27.700004 0.077440
27.800000 0.077440
27.900000 0.096487
28.000021 0.077331
28.100000 0.077331
28.200000 0.102550
28.300022 0.102550
28.400000 0.082532
28.500000 0.082532
28.600000 0.098913
28.700000 0.117900
28.800004 0.117900
28.900014 0.084929
29.000000 0.084929
29.100000 0.085731
29.200000 0.048744
29.300000 0.048744
29.400008 0.062903
29.500000 0.062903
29.600000 0.085496
29.700000 0.085496
29.800000 0.060951
29.900013 0.082378
30.000000 0.082378
30.100000 0.059772
30.200000 0.059772
30.300000 0.076815
30.400007 0.058094
30.500000 0.058094
30.600016 0.082596
30.700000 0.082596
30.800000 0.062379
30.900000 0.088700
31.000000 0.088700
31.100009 0.069212
31.200000 0.069212
31.300000 0.090567
31.400000 0.090567
31.500000 0.116552
31.600000 0.093201
31.700000 0.093201
31.800000 0.106421
31.900000 0.106421
32.000000 0.077976
32.100000 0.083269
32.200021 0.083269
32.300000 0.056103
32.400000 0.056103
32.500000 0.073182
32.600018 0.049101
32.700000 0.049101
32.800010 0.075812
32.900000 0.075812
33.000000 0.105812
33.100000 0.105812
33.200000 0.083076
33.300000 0.098387
33.400012 0.098387
33.500000 0.072536
33.600000 0.072536
33.700000 0.086957
33.800000 0.059963
33.900000 0.059963
34.000022 0.079069
34.125735 0.058025
34.200000 0.058025
34.300000 0.077424
34.400023 0.077424
34.500000 0.055024
34.600000 0.055024
34.700000 0.071356
34.800000 0.071356
34.900000 0.098923
35.000000 0.074106
35.100000 0.074106
35.200000 0.092425
35.300000 0.092425
35.400000 0.111271
35.500000 0.078966
35.600000 0.078966
35.700014 0.087230
35.800000 0.087230
35.900000 0.054685
36.000016 0.075142
36.100000 0.075142
36.200000 0.051914
36.300006 0.051914
36.400000 0.074930
36.500000 0.074930
36.600000 0.055885
36.700000 0.084997
36.800000 0.084997
36.900000 0.068009
37.000000 0.068009
37.100000 0.094635
37.200016 0.078048
37.300000 0.078048
37.400000 0.104721
37.500008 0.104721
37.600000 0.083940
37.700000 0.105143
37.800015 0.105143
37.900011 0.118675
38.000000 0.118675
38.100000 0.087020
38.200000 0.087020
38.300000 0.091547
38.400000 0.058576
38.500000 0.058576
38.600012 0.071232
38.700000 0.071232
38.800000 0.045183
38.900000 0.062017
39.000000 0.062017
39.100000 0.032953
39.200000 0.032953
39.300000 -0.059265
39.400000 -0.099984
39.500000 -0.099984
39.600031 -0.174091
39.700000 -0.174091
39.800000 -0.188454
39.900048 -0.223098
40.000000 -0.223098
40.100000 -0.194505
40.200000 -0.194505
40.300000 -0.203961
40.400000 -0.203961
40.500000 -0.194402
40.600000 -0.130694
40.700036 -0.130694
40.800067 -0.107814
40.929405 -0.052259
41.000000 -0.052259
41.100000 -0.051249
41.200032 -0.051249
41.300000 -0.014375
41.400031 -0.014375
41.500000 -0.037584
41.600000 -0.037584
41.700000 -0.021581
41.800027 -0.056339
41.900000 -0.056339
42.000018 -0.046805
42.100000 -0.046805
42.200000 -0.078301
42.300000 -0.067649
42.400000 -0.067649
42.500000 -0.096255
42.600000 -0.096255
42.700000 -0.078870
42.800000 -0.099083
42.900000 -0.099083
43.000015 -0.077670
43.100000 -0.077670
43.200000 -0.099366
43.300000 -0.099366
43.400000 -0.076848
43.500000 -0.096391
43.600000 -0.096391
43.700000 -0.071878
43.800000 -0.071878
43.900000 -0.091579
44.000000 -0.069317
44.100000 -0.069317
44.200025 -0.090491
44.300000 -0.090491
44.400000 -0.069747
44.500000 -0.088799
44.600000 -0.088799
44.700000 -0.067906
44.800000 -0.067906
44.900000 -0.089457
45.000000 -0.089457
45.100000 -0.065073
45.200000 -0.085941
45.300000 -0.085941
45.400000 -0.064182
45.500000 -0.064182
45.600000 -0.085706
45.700000 -0.062904
45.800000 -0.062904
45.900000 -0.089882
46.000012 -0.089882
46.100000 -0.069193
46.200000 -0.093097
46.300000 -0.093097
46.400020 -0.070550
46.500000 -0.070550
46.600000 -0.097412
46.700023 -0.074315
46.800000 -0.074315
46.900000 -0.094045
47.000000 -0.094045
47.100000 -0.117940
47.200000 -0.117940
47.300000 -0.092903
47.400012 -0.054698
47.500016 -0.054698
47.600000 -0.070563
47.723572 -0.051202
47.800000 -0.051202
47.900000 -0.079671
48.000000 -0.079671
48.100000 -0.109959
48.200000 -0.109959
48.300000 -0.088479
48.400000 -0.088479
48.500000 -0.106104
48.600000 -0.071731
48.700000 -0.071731
48.800000 -0.081204
48.900000 -0.081204
49.000000 -0.045117
49.100008 0.051981
49.200000 0.051981
49.300027 0.101786
49.400000 0.101786
49.500000 0.178906
49.600000 0.184895
49.700000 0.184895
49.800000 0.209488
49.900014 0.209488
50.000000 0.190270
50.100000 0.190270
50.200000 0.195917
50.300000 0.152310
50.400000 0.152310
50.500000 0.148640
50.600000 0.148640
50.700000 0.099407
50.800009 0.093156
50.900000 0.093156
51.000016 0.051658
51.100000 0.051658
51.200000 0.064233
51.300000 0.040653
51.400000 0.040653
51.500010 0.064046
51.600000 0.064046
51.700000 0.047230
51.800000 0.047230
51.900000 0.078454
52.000000 0.064514
52.100000 0.064514
52.200018 0.092661
52.300000 0.092661
52.400000 0.123555
52.500000 0.094027
52.600000 0.094027
52.700000 0.100760
52.800000 0.100760
52.900000 0.066766
53.000019 0.082010
53.100014 0.082010
53.200000 0.055897
53.300000 0.055897
53.400000 0.070314
53.500000 0.070314
53.600000 0.050427
53.700000 0.076302
53.800000 0.076302
53.900000 0.105278
54.000000 0.105278
54.100000 0.084663
54.200000 0.099216
54.300000 0.099216
54.400016 0.072021
54.528254 0.087939
54.600000 0.087939
54.700000 0.062442
54.800018 0.062442
54.900000 0.039463
55.000022 0.039463
55.100000 0.063944
55.200020 0.102192
55.300000 0.102192
55.400025 0.088190
55.500000 0.088190
55.600000 0.107240
55.700000 0.107240
55.800000 0.082659
55.900000 0.094104
56.000000 0.094104
56.100014 0.065917
56.200008 0.065917
56.300000 0.080884
56.400000 0.057831
56.500000 0.057831
56.600000 0.081915
56.700000 0.081915
56.800000 0.060507
56.900000 0.060507
57.000000 0.087363
57.100000 0.071146
57.200000 0.071146
57.300000 0.097868
57.400000 0.097868
57.500000 0.077278
57.600000 0.101004
57.700000 0.101004
57.800024 0.080070
57.900000 0.080070
58.000000 0.095933
58.100000 0.118061
58.200000 0.118061
58.300009 0.085710
58.400000 0.085710
58.500000 0.097590
58.600000 0.097590
58.700000 0.065015
58.800015 0.081497
58.900000 0.081497
59.000000 0.058188
59.100000 0.058188
59.200000 0.076072
59.300000 0.056812
59.400007 0.056812
59.500000 0.084541
59.600017 0.084541
59.700000 0.067342
59.800000 0.093728
59.900011 0.093728
60.000000 0.073018
60.100000 0.073018
60.200000 0.097213
60.300000 0.097213
60.400000 0.072019
60.500000 0.095025
60.600009 0.095025
60.700000 0.072201
60.800000 0.072201
60.900006 0.087190
61.000000 0.111492
61.100000 0.111492
61.200000 0.085600
61.331183 0.095743
61.400000 0.095743
61.500000 0.062874
61.600000 0.062874
61.700000 0.080321
61.800000 0.080321
61.900000 0.057340
62.000018 0.078539
62.100000 0.078539
62.200003 0.060187
62.300000 0.060187
62.400016 0.084597
62.500000 0.084597
62.600000 0.065600
62.700000 0.092302
62.800000 0.092302
62.900000 0.074234
63.000009 0.074234
63.100000 0.095719
63.200000 0.071097
63.300000 0.071097
63.400000 0.092069
63.500043 0.092069
63.600000 0.068013
63.700000 0.068013
63.800000 0.085398
63.900000 0.063312
64.000000 0.063312
64.100000 0.086906
64.200000 0.086906
64.300000 0.062850
64.400027 0.087864
64.500000 0.087864
64.600000 0.064083
64.700028 0.064083
64.800000 0.029715
64.900000 -0.006352
65.000000 -0.006352
65.100000 -0.038902
65.200000 -0.038902
65.300000 -0.057010
65.400062 -0.062192
65.500000 -0.062192
65.600032 -0.057349
65.700000 -0.057349
65.800000 -0.046926
65.900000 -0.046926
66.000000 -0.032386
66.100000 -0.018544
66.200000 -0.018544
66.300041 -0.006097
66.400021 -0.006097
66.500000 0.003980
66.600000 0.010683
66.700000 0.010683
66.800000 0.014670
66.900000 0.014670
67.000000 0.015262
67.100000 0.015262
67.200000 0.012151
67.300000 0.008161
67.400000 0.008161
67.500000 0.002245
67.600000 0.002245
67.700000 -0.001699
67.800000 -0.003700
67.900000 -0.003700
68.000025 -0.002618
68.127355 -0.000020
68.200000 -0.000020
68.300000 0.003907
68.400000 0.003907
68.500000 0.006036
68.600020 0.006036
68.700000 0.006825
68.800000 0.006825
68.900000 0.006354
69.000023 0.004336
69.100016 0.004336
69.200000 0.001637
69.300000 0.001637
69.400000 0.000026
69.500000 -0.001198
69.600000 -0.001198
69.700023 -0.000161
69.800000 -0.000161
69.900000 0.001316
70.000000 0.003400
70.100000 0.003400
70.200000 0.005408
70.300200 0.005408
70.400000 0.006292
70.500000 0.006292
70.600000 0.005940
70.700020 0.004770
70.800000 0.004770
70.900000 0.003413
71.000000 0.003413
71.100000 0.002052
71.200017 0.000352
71.300000 0.000352
71.400000 -0.001370
71.500000 -0.001370
71.600000 -0.002349
71.700000 -0.002710
71.800000 -0.002710
71.900000 -0.000066
72.000000 -0.000066
72.100000 0.002260
72.200022 0.004514
72.300000 0.004514
72.400000 0.006540
72.500000 0.006540
72.600000 0.006742
72.700000 0.006742
72.800000 0.004573
72.900000 0.001788
73.000009 0.001788
73.100000 -0.000259
73.200000 -0.000259
73.300000 -0.001075
73.400020 0.000268
73.500000 0.000268
73.600019 0.002777
73.700000 0.002777
73.800000 0.005124
73.900022 0.006678
74.000000 0.006678
74.100000 0.007079
74.200015 0.007079
74.300000 0.005789
74.400000 0.005789
74.500000 0.004342
74.600000 0.002880
74.700000 0.002880
74.800000 0.000708
74.925510 -0.001131
75.000000 -0.001131
75.100000 0.001869
75.200000 0.001869
75.300000 0.063963
75.400000 0.063963
75.500000 0.136747
75.600000 0.136747
75.700000 0.143323
75.800000 0.167873
75.900000 0.167873
76.000019 0.173194
76.100000 0.173194
76.200000 0.121530
76.300000 0.100966
76.400009 0.100966
76.500000 0.045091
76.600000 0.045091
76.700000 0.047776
76.800018 0.068810
76.900006 0.068810
77.000009 0.047464
77.100000 0.047464
77.200000 0.066977
77.300000 0.066977
77.400000 0.046086
77.500027 0.073857
77.600000 0.073857
77.700000 0.055896
77.800000 0.055896
77.900000 0.083123
78.000005 0.067276
78.100000 0.067276
78.200000 0.094895
78.300008 0.094895
78.400000 0.074289
78.500000 0.098839
78.600029 0.098839
78.700000 0.079094
78.800000 0.079094
78.900000 0.097716
79.000022 0.077245
79.100000 0.077245
79.200000 0.101761
79.300000 0.101761
79.400000 0.078921
79.500000 0.078921
79.600000 0.104577
79.700000 0.124736
79.800008 0.124736
79.900016 0.098440
80.000000 0.098440
80.100000 0.103666
80.200000 0.071492
80.300000 0.071492
80.400020 0.080246
80.500000 0.080246
80.600000 0.048962
80.700000 0.048962
80.800000 0.068156
80.900000 0.048857
81.000000 0.048857
81.100000 0.073910
81.200000 0.073910
81.300008 0.056326
81.400000 0.083540
81.500000 0.083540
81.600015 0.067273
81.728105 0.095443
81.800000 0.095443
81.900000 0.074986
82.000017 0.074986
82.100000 0.096987
82.200000 0.096987
82.300000 0.117899
82.400000 0.117899
82.500000 0.088621
82.600020 0.091886
82.700000 0.091886
82.800018 0.057133
82.900000 0.057133
83.000000 0.067409
83.100000 0.088615
83.200000 0.088615
83.300021 0.063316
83.400000 0.063316
83.500000 0.084228
83.600014 0.059314
83.700000 0.059314
83.800000 0.079519
83.900000 0.079519
84.000000 0.057339
84.100000 0.057339
84.200000 0.084196
84.300000 0.065136
84.400000 0.065136
84.500000 0.090274
84.600000 0.090274
84.700000 0.071735
84.800011 0.097477
84.900000 0.097477
85.000000 0.079043
85.100039 0.079043
85.200000 0.101883
85.300000 0.079393
85.400015 0.079393
85.500000 0.089089
85.600000 0.089089
85.700000 0.113020
85.800000 0.113020
85.900000 0.082370
86.000000 0.096451
86.100000 0.096451
86.200000 0.064354
86.300000 0.064354
86.400000 0.083321
86.500002 0.054968
86.600000 0.054968
86.700015 0.079568
86.800000 0.079568
86.900000 0.057937
87.000018 0.085980
87.100000 0.085980
87.200009 0.065974
87.300000 0.065974
87.400000 0.088925
87.500017 0.117332
87.600000 0.117332
87.700000 0.091684
87.800000 0.091684
87.900000 0.111273
88.000000 0.111273
88.100000 0.082430
88.200000 0.097295
88.300000 0.097295
88.400000 0.070998
88.526772 0.091607
88.600000 0.091607
88.700000 0.065137
88.800019 0.065137
88.900000 0.091054
89.000005 0.091054
89.100000 0.061383
89.200001 0.061383
89.300000 0.082938
89.400071 0.058943
89.500000 0.058943
89.600000 0.083744
89.700000 0.083744
89.800000 0.109006
89.900000 0.080855
90.000000 0.080855
90.100000 0.031114
90.200000 0.031114
90.300000 -0.065855
90.400000 -0.112113
90.500000 -0.112113
90.600032 -0.183107
90.700000 -0.183107
90.800000 -0.188433
90.900000 -0.188433
91.000000 -0.223486
91.100000 -0.190196
91.200000 -0.190196
91.300000 -0.195385
91.400000 -0.195385
91.500000 -0.150407
91.600000 -0.150414
91.700000 -0.150414
91.800061 -0.102422
91.900026 -0.102422
92.000000 -0.103507
92.100000 -0.067942
92.200000 -0.067942
92.300019 -0.079860
92.400021 -0.079860
92.500000 -0.052703
92.600000 -0.052703
92.700000 -0.072667
92.800000 -0.053231
92.900000 -0.053231
93.000060 -0.075460
93.100000 -0.075460
93.200000 -0.052616
93.300000 -0.076664
93.400012 -0.076664
93.500022 -0.058750
93.600000 -0.058750
93.700000 -0.082242
93.800000 -0.065668
93.900016 -0.065668
94.000018 -0.093818
94.100000 -0.093818
94.200000 -0.079328
94.300000 -0.079328
94.400000 -0.103402
94.500000 -0.084166
94.600023 -0.084166
94.700000 -0.099566
94.800000 -0.099566
94.900000 -0.073662
95.000000 -0.090731
95.100000 -0.090731
95.200030 -0.066521
95.326458 -0.087901
95.400000 -0.087901
95.500000 -0.064054
95.600020 -0.064054
95.700000 -0.086216
95.800052 -0.086216
95.900000 -0.066843
96.000000 -0.066843
96.100000 -0.092395
96.200032 -0.072036
96.300000 -0.072036
96.400017 -0.095278
96.500000 -0.095278
96.600000 -0.076090
96.700000 -0.099516
96.800015 -0.099516
96.900000 -0.075126
97.000012 -0.075126
97.100000 -0.097401
97.200000 -0.076348
97.300000 -0.076348
97.400016 -0.096270
97.500000 -0.096270
97.600000 -0.071640
97.700000 -0.071640
97.800000 -0.092721
97.900018 -0.072400
98.000016 -0.072400
98.100000 -0.095029
98.200000 -0.095029
98.300000 -0.071450
98.400000 -0.095897
98.500000 -0.095897
98.600000 -0.071855
98.700017 -0.071855
98.800000 -0.092789
98.900000 -0.069682
99.000000 -0.069682
99.100020 -0.094044
99.200000 -0.094044
99.300000 -0.070800
99.400000 -0.070800
99.500000 -0.093860
99.600000 -0.069235
99.700000 -0.069235
99.800000 -0.095520
99.900000 -0.095520
100.000000 -0.072395
100.100000 -0.092061
100.200000 -0.092061
100.300000 -0.049775
100.400000 -0.049775
100.500000 0.050761
100.600014 0.154502
100.700015 0.154502
100.800035 0.182604
100.900007 0.182604
101.000000 0.224454
101.100017 0.199398
101.200000 0.199398
101.300000 0.198596
101.400016 0.198596
101.500000 0.150913
101.600000 0.150913
101.700000 0.140314
101.800000 0.088728
101.900034 0.088728
102.000000 0.087334
102.126714 0.058415
102.200000 0.058415
102.300000 0.074356
102.400020 0.074356
102.500000 0.049108
102.600019 0.049108
102.700000 0.073136
102.800000 0.073136
102.900000 0.050612
103.000020 0.078994
103.100000 0.078994
103.200014 0.061303
103.300000 0.061303
103.400000 0.090645
103.500005 0.069647
103.600008 0.069647
103.700024 0.097111
103.800000 0.097111
103.900000 0.077640
104.000000 0.103373
104.100000 0.103373
104.200008 0.080139
104.300000 0.080139
104.400000 0.102741
104.500000 0.102741
104.600000 0.071958
104.700000 0.095108
104.800021 0.095108
104.900000 0.069493
105.000000 0.069493
105.100000 0.089673
105.200005 0.069297
105.300000 0.069297
105.400000 0.097172
105.500000 0.097172
105.600000 0.077646
105.700000 0.101824
105.800015 0.101824
105.900000 0.117477
106.000000 0.117477
106.100000 0.087249
106.200000 0.087249
106.300000 0.092357
106.400000 0.055743
106.500000 0.055743
106.600000 0.072417
106.700000 0.072417
106.800000 0.047513
106.900000 0.069061
107.000016 0.069061
107.100000 0.051168
107.200009 0.051168
107.300008 0.082242
107.400000 0.113355
107.500000 0.113355
107.600000 0.096412
107.700000 0.096412
107.800000 0.107804
107.900017 0.107804
108.000000 0.078235
108.100000 0.091780
108.200000 0.091780
108.300000 0.064960
108.400000 0.064960
108.500000 0.083574
108.600000 0.058273
108.700008 0.058273
108.800000 0.078883
108.927811 0.059823
109.000000 0.059823
109.100000 0.080903
109.200020 0.080903
109.300000 0.063067
109.400000 0.063067
109.500000 0.088264
109.600000 0.088264
109.700000 0.071841
109.800000 0.095678
109.900000 0.095678
110.000021 0.076044
110.100000 0.076044
110.200000 0.096816
110.300000 0.075166
110.400000 0.075166
110.500000 0.096181
110.600000 0.096181
110.700000 0.071192
110.800000 0.095545
110.900000 0.095545
111.000008 0.071681
111.100000 0.071681
111.200000 0.089342
111.300000 0.089342
111.400000 0.064496
111.500000 0.089400
111.600017 0.089400
111.700000 0.066714
111.800000 0.066714
111.900000 0.089659
112.000000 0.115752
112.100000 0.115752
112.200016 0.093032
112.300018 0.093032
112.400000 0.106382
112.500000 0.074244
112.600000 0.074244
112.700014 0.084323
112.800000 0.084323
112.900000 0.058497
113.000000 0.058497
113.100000 0.077190
113.200014 0.055938
113.300000 0.055938
113.400000 0.079164
113.500000 0.079164
113.600000 0.059649
113.700000 0.083175
113.800007 0.083175
113.900015 0.064383
114.000000 0.064383
114.100000 0.092306
114.200000 0.072399
114.300008 0.072399
114.400000 0.095488
114.500000 0.095488
114.600000 0.121604
114.700000 0.121604
114.800000 0.099529
114.900000 0.114716
115.000000 0.114716
115.100000 0.086817
115.200000 0.086817
115.300000 0.095069
115.400031 0.065513
115.500039 0.065513
115.600000 0.079218
115.726665 0.052279
115.800000 0.052279
115.900000 0.010797
116.000000 0.010797
116.100000 -0.021598
116.200038 -0.021598
116.300000 -0.046326
116.400000 -0.046326
116.500000 -0.057418
116.600000 -0.059444
116.700000 -0.059444
116.800032 -0.055073
116.900000 -0.055073
117.000000 -0.046765
117.100000 -0.036664
117.200000 -0.036664
117.300000 -0.023689
117.400024 -0.023689
117.500000 -0.007523
117.600000 0.006140
117.700000 0.006140
117.800016 0.015212
117.900000 0.015212
118.000000 0.020390
118.100000 0.020390
118.200000 0.020143
118.300000 0.017419
118.400000 0.017419
118.500000 0.011002
118.600000 0.011002
118.700000 0.003449
118.800024 -0.002865
118.900000 -0.002865
119.000000 -0.005877
119.100000 -0.005877
119.200000 -0.005441
119.300000 -0.002348
119.400000 -0.002348
119.500000 0.001200
119.600019 0.001200
119.700000 0.004430
119.800000 0.004430
119.900000 0.005429
120.000041 0.005261
120.100000 0.005261
120.200014 0.003737
120.300000 0.003737
120.400000 0.001893
120.500000 -0.000190
120.600021 -0.000190
120.700022 -0.000683
120.800000 -0.000683
120.900000 0.001269
121.000007 0.003428
121.100000 0.003428
121.200005 0.004007
121.300000 0.004007
121.400000 0.004007
121.500000 0.004007
121.600000 0.004007
121.700000 0.004007
121.800000 0.004007
121.900000 0.004007
122.000000 0.004007
122.100000 0.004007
122.200000 0.004007
122.300008 0.004007
122.400000 0.004007
122.519939 0.004007
122.600000 0.004007
122.700000 0.004007
122.800000 0.004007
122.900000 0.004007
123.000000 0.004007
123.100000 0.004007
123.200016 0.004007
123.300000 0.004007
123.400000 0.004007
123.500000 0.004007
123.600005 0.004007
123.700000 0.004007
123.800000 0.004007
123.900005 0.004007
124.000000 0.004007
124.100000 0.004007
124.200000 0.004007
124.300000 0.004007
124.400000 0.004007
124.500000 0.004007
124.600007 0.004007
124.700000 0.004007
124.800000 0.004007
124.900000 0.004007
125.000000 0.004007
125.100005 0.004007
125.200000 0.004007
125.300000 0.004007
125.400000 0.004007
125.500000 0.004007
125.600000 0.004007
125.700000 0.004007
