0.055000 55
0.135000 35
0.230000 30
0.320000 20
0.455000 55
0.535000 35
0.630000 30
0.720000 20
0.855000 55
0.935000 35
1.030000 30
1.120000 20
1.255000 55
1.335000 35
1.430000 30
1.520000 20
1.655000 55
1.735000 35
1.830000 30
1.920000 20
2.055000 55
2.135000 35
2.230000 30
2.320000 20
2.455000 55
2.535000 35
2.630000 30
2.720000 20
2.855000 55
2.935000 35
3.030000 30
3.120000 20
3.255000 55
3.335000 35
3.430000 30
3.520000 20
3.655000 55
3.735000 35
3.830000 30
3.920000 20
4.055000 55
4.135000 35
4.230000 30
4.320000 20
4.455000 55
4.535000 35
4.630000 30
4.720000 20
4.855000 55
4.935000 35
5.030000 30
5.120000 20
5.255000 55
5.335000 35
5.430000 30
5.520000 20
5.655000 55
5.735000 35
5.830000 30
5.920000 20
6.055000 55
6.135000 35
6.230000 30
6.320000 20
6.455000 55
6.535000 35
6.630000 30
6.720000 20
6.855000 55
6.935000 35
7.030000 30
7.120000 20
7.255000 55
7.335000 35
7.430000 30
7.520000 20
7.655000 55
7.735000 35
7.830000 30
7.920000 20
8.055000 55
8.135000 35
8.230000 30
8.320000 20
8.455000 55
8.535000 35
8.630000 30
8.720000 20
8.855000 55
8.935000 35
9.030000 30
9.120000 20
9.255000 55
9.335000 35
9.430000 30
9.520000 20
9.655000 55
9.735000 35
9.830000 30
9.920000 20
10.055000 55
10.135000 35
10.230000 30
10.320000 20
10.455000 55
10.535000 35
10.630000 30
10.720000 20
10.855000 55
10.935000 35
11.030000 30
11.120000 20
11.255000 55
11.335000 35
11.430000 30
11.520000 20
11.655000 55
11.735000 35
11.830000 30
11.920000 20
12.055000 55
12.135000 35
12.230000 30
12.320000 20
12.455000 55
12.535000 35
12.630000 30
12.720000 20
12.855000 55
12.935000 35
13.030000 30
13.120000 20
13.255000 55
13.335000 35
13.430000 30
13.520000 20
13.655000 55
13.735000 35
13.830000 30
13.920000 20
14.055000 55
14.135000 35
14.230000 30
14.320000 20
14.455000 55
14.535000 35
14.630000 30
14.720000 20
14.855000 55
14.935000 35
15.030000 30
15.120000 20
15.255000 55
15.335000 35
15.430000 30
15.520000 20
15.655000 55
15.735000 35
15.830000 30
15.920000 20
16.055000 55
16.135000 35
16.230000 30
16.320000 20
16.455000 55
16.535000 35
16.630000 30
16.720000 20
16.855000 55
16.935000 35
17.030000 30
17.120000 20
17.255000 55
17.335000 35
17.430000 30
17.520000 20
17.655000 55
17.735000 35
17.830000 30
17.920000 20
18.055000 55
18.135000 35
18.230000 30
18.320000 20
18.455000 55
18.535000 35
18.630000 30
18.720000 20
18.855000 55
18.935000 35
19.030000 30
19.120000 20
19.255000 55
19.335000 35
19.430000 30
19.520000 20
19.655000 55
19.735000 35
19.830000 30
19.920000 20
20.055000 55
20.135000 35
20.230000 30
20.320000 20
20.455000 55
20.535000 35
20.630000 30
20.720000 20
20.855000 55
20.935000 35
21.030000 30
21.120000 20
21.255000 55
21.335000 35
21.430000 30
21.520000 20
21.655000 55
21.735000 35
21.830000 30
21.920000 20
22.055000 55
22.135000 35
22.230000 30
22.320000 20
22.455000 55
22.535000 35
22.630000 30
22.720000 20
22.855000 55
22.935000 35
23.030000 30
23.120000 20
23.255000 55
23.335000 35
23.430000 30
23.520000 20
23.655000 55
23.735000 35
23.830000 30
23.920000 20
24.055000 55
24.135000 35
24.230000 30
24.320000 20
24.455000 55
24.535000 35
24.630000 30
24.720000 20
24.855000 55
24.935000 35
25.030000 30
25.120000 20
25.255000 55
25.335000 35
25.430000 30
25.520000 20
25.655000 55
25.735000 35
25.830000 30
25.920000 20
26.055000 55
26.135000 35
26.230000 30
26.320000 20
26.455000 55
26.535000 35
26.630000 30
26.720000 20
26.855000 55
26.935000 35
27.030000 30
27.120000 20
27.255000 55
27.335000 35
27.430000 30
27.520000 20
27.655000 55
27.735000 35
27.830000 30
27.920000 20
28.055000 55
28.135000 35
28.230000 30
28.320000 20
28.455000 55
28.535000 35
28.630000 30
28.720000 20
28.855000 55
28.935000 35
29.030000 30
29.120000 20
29.255000 55
29.335000 35
29.430000 30
29.520000 20
29.655000 55
29.735000 35
29.830000 30
29.920000 20
30.055000 55
30.135000 35
30.230000 30
30.320000 20
30.455000 55
30.535000 35
30.630000 30
30.720000 20
30.855000 55
30.935000 35
31.030000 30
31.120000 20
31.255000 55
31.335000 35
31.430000 30
31.520000 20
31.655000 55
31.735000 35
31.830000 30
31.920000 20
32.055000 55
32.135000 35
32.230000 30
32.320000 20
32.455000 55
32.535000 35
32.630000 30
32.720000 20
32.855000 55
32.935000 35
33.030000 30
33.120000 20
33.255000 55
33.335000 35
33.430000 30
33.520000 20
33.655000 55
33.735000 35
33.830000 30
33.920000 20
34.055000 55
34.135000 35
34.230000 30
34.320000 20
34.455000 55
34.535000 35
34.630000 30
34.720000 20
34.855000 55
34.935000 35
35.030000 30
35.120000 20
35.255000 55
35.335000 35
35.430000 30
35.520000 20
35.655000 55
35.735000 35
35.830000 30
35.920000 20
36.055000 55
36.135000 35
36.230000 30
36.320000 20
36.455000 55
36.535000 35
36.630000 30
36.720000 20
36.855000 55
36.935000 35
37.030000 30
37.120000 20
37.255000 55
37.335000 35
37.430000 30
37.520000 20
37.655000 55
37.735000 35
37.830000 30
37.920000 20
38.055000 55
38.135000 35
38.230000 30
38.320000 20
38.455000 55
38.535000 35
38.630000 30
38.720000 20
38.855000 55
38.935000 35
39.030000 30
39.120000 20
39.255000 55
39.335000 35
39.430000 30
39.520000 20
39.655000 55
39.735000 35
39.830000 30
39.920000 20
40.055000 55
40.135000 35
40.230000 30
40.320000 20
40.455000 55
40.535000 35
40.630000 30
40.720000 20
40.855000 55
40.935000 35
41.030000 30
41.120000 20
41.255000 55
41.335000 35
41.430000 30
41.520000 20
41.655000 55
41.735000 35
41.830000 30
41.920000 20
42.055000 55
42.135000 35
42.230000 30
42.320000 20
42.455000 55
42.535000 35
42.630000 30
42.720000 20
42.855000 55
42.935000 35
43.030000 30
43.120000 20
43.255000 55
43.335000 35
43.430000 30
43.520000 20
43.655000 55
43.735000 35
43.830000 30
43.920000 20
44.055000 55
44.135000 35
44.230000 30
44.320000 20
44.455000 55
44.535000 35
44.630000 30
44.720000 20
44.855000 55
44.935000 35
45.030000 30
45.120000 20
45.255000 55
45.335000 35
45.430000 30
45.520000 20
45.655000 55
45.735000 35
45.830000 30
45.920000 20
46.055000 55
46.135000 35
46.230000 30
46.320000 20
46.455000 55
46.535000 35
46.630000 30
46.720000 20
46.855000 55
46.935000 35
47.030000 30
47.120000 20
47.255000 55
47.335000 35
47.430000 30
47.520000 20
47.655000 55
47.735000 35
47.830000 30
47.920000 20
48.055000 55
48.135000 35
48.230000 30
48.320000 20
48.455000 55
48.535000 35
48.630000 30
48.720000 20
48.855000 55
48.935000 35
49.030000 30
49.120000 20
49.255000 55
49.335000 35
49.430000 30
49.520000 20
49.655000 55
49.735000 35
49.830000 30
49.920000 20
50.055000 55
50.135000 35
50.230000 30
50.320000 20
50.455000 55
50.535000 35
50.630000 30
50.720000 20
50.855000 55
50.935000 35
51.030000 30
51.120000 20
51.255000 55
51.335000 35
51.430000 30
51.520000 20
51.655000 55
51.735000 35
51.830000 30
51.920000 20
52.055000 55
52.135000 35
52.230000 30
52.320000 20
52.455000 55
52.535000 35
52.630000 30
52.720000 20
52.855000 55
52.935000 35
53.030000 30
53.120000 20
53.255000 55
53.335000 35
53.430000 30
53.520000 20
53.655000 55
53.735000 35
53.830000 30
53.920000 20
54.055000 55
54.135000 35
54.230000 30
54.320000 20
54.455000 55
54.535000 35
54.630000 30
54.720000 20
54.855000 55
54.935000 35
55.030000 30
55.120000 20
55.255000 55
55.335000 35
55.430000 30
55.520000 20
55.655000 55
55.735000 35
55.830000 30
55.920000 20
56.055000 55
56.135000 35
56.230000 30
56.320000 20
56.455000 55
56.535000 35
56.630000 30
56.720000 20
56.855000 55
56.935000 35
57.030000 30
57.120000 20
57.255000 55
57.335000 35
57.430000 30
57.520000 20
57.655000 55
57.735000 35
57.830000 30
57.920000 20
58.055000 55
58.135000 35
58.230000 30
58.320000 20
58.455000 55
58.535000 35
58.630000 30
58.720000 20
58.855000 55
58.935000 35
59.030000 30
59.120000 20
59.255000 55
59.335000 35
59.430000 30
59.520000 20
59.655000 55
59.735000 35
59.830000 30
59.920000 20
60.055000 55
60.135000 35
60.230000 30
60.320000 20
60.455000 55
60.535000 35
60.630000 30
60.720000 20
60.855000 55
60.935000 35
61.030000 30
61.120000 20
61.255000 55
61.335000 35
61.430000 30
61.520000 20
61.655000 55
61.735000 35
61.830000 30
61.920000 20
62.055000 55
62.135000 35
62.230000 30
62.320000 20
62.455000 55
62.535000 35
62.630000 30
62.720000 20
62.855000 55
62.935000 35
63.030000 30
63.120000 20
63.255000 55
63.335000 35
63.430000 30
63.520000 20
63.655000 55
63.735000 35
63.830000 30
63.920000 20
64.055000 55
64.135000 35
64.230000 30
64.320000 20
64.455000 55
64.535000 35
64.630000 30
64.720000 20
64.855000 55
64.935000 35
65.030000 30
65.120000 20
65.255000 55
65.335000 35
65.430000 30
65.520000 20
65.655000 55
65.735000 35
65.830000 30
65.920000 20
66.055000 55
66.135000 35
66.230000 30
66.320000 20
66.455000 55
66.535000 35
66.630000 30
66.720000 20
66.855000 55
66.935000 35
67.030000 30
67.120000 20
67.255000 55
67.335000 35
67.430000 30
67.520000 20
67.655000 55
67.735000 35
67.830000 30
67.920000 20
68.055000 55
68.135000 35
68.230000 30
68.320000 20
68.455000 55
68.535000 35
68.630000 30
68.720000 20
68.855000 55
68.935000 35
69.030000 30
69.120000 20
69.255000 55
69.335000 35
69.430000 30
69.520000 20
69.655000 55
69.735000 35
69.830000 30
69.920000 20
70.055000 55
70.135000 35
70.230000 30
70.320000 20
70.455000 55
70.535000 35
70.630000 30
70.720000 20
70.855000 55
70.935000 35
71.030000 30
71.120000 20
71.255000 55
71.335000 35
71.430000 30
71.520000 20
71.655000 55
71.735000 35
71.830000 30
71.920000 20
72.055000 55
72.135000 35
72.230000 30
72.320000 20
72.455000 55
72.535000 35
72.630000 30
72.720000 20
72.855000 55
72.935000 35
73.030000 30
73.120000 20
73.255000 55
73.335000 35
73.430000 30
73.520000 20
73.655000 55
73.735000 35
73.830000 30
73.920000 20
74.055000 55
74.135000 35
74.230000 30
74.320000 20
74.455000 55
74.535000 35
74.630000 30
74.720000 20
74.855000 55
74.935000 35
75.030000 30
75.120000 20
75.255000 55
75.335000 35
75.430000 30
75.520000 20
75.655000 55
75.735000 35
75.830000 30
75.920000 20
76.055000 55
76.135000 35
76.230000 30
76.320000 20
76.455000 55
76.535000 35
76.630000 30
76.720000 20
76.855000 55
76.935000 35
77.030000 30
77.120000 20
77.255000 55
77.335000 35
77.430000 30
77.520000 20
77.655000 55
77.735000 35
77.830000 30
77.920000 20
78.055000 55
78.135000 35
78.230000 30
78.320000 20
78.455000 55
78.535000 35
78.630000 30
78.720000 20
78.855000 55
78.935000 35
79.030000 30
79.120000 20
79.255000 55
79.335000 35
79.430000 30
79.520000 20
79.655000 55
79.735000 35
79.830000 30
79.920000 20
80.055000 55
80.135000 35
80.230000 30
80.320000 20
80.455000 55
80.535000 35
80.630000 30
80.720000 20
80.855000 55
80.935000 35
81.030000 30
81.120000 20
81.255000 55
81.335000 35
81.430000 30
81.520000 20
81.655000 55
81.735000 35
81.830000 30
81.920000 20
82.055000 55
82.135000 35
82.230000 30
82.320000 20
82.455000 55
82.535000 35
82.630000 30
82.720000 20
82.855000 55
82.935000 35
83.030000 30
83.120000 20
83.255000 55
83.335000 35
83.430000 30
83.520000 20
83.655000 55
83.735000 35
83.830000 30
83.920000 20
84.055000 55
84.135000 35
84.230000 30
84.320000 20
84.455000 55
84.535000 35
84.630000 30
84.720000 20
84.855000 55
84.935000 35
85.030000 30
85.120000 20
85.255000 55
85.335000 35
85.430000 30
85.520000 20
85.655000 55
85.735000 35
85.830000 30
85.920000 20
86.055000 55
86.135000 35
86.230000 30
86.320000 20
86.455000 55
86.535000 35
86.630000 30
86.720000 20
86.855000 55
86.935000 35
87.030000 30
87.120000 20
87.255000 55
87.335000 35
87.430000 30
87.520000 20
87.655000 55
87.735000 35
87.830000 30
87.920000 20
88.055000 55
88.135000 35
88.230000 30
88.320000 20
88.455000 55
88.535000 35
88.630000 30
88.720000 20
88.855000 55
88.935000 35
89.030000 30
89.120000 20
89.255000 55
89.335000 35
89.430000 30
89.520000 20
89.655000 55
89.735000 35
89.830000 30
89.920000 20
90.055000 55
90.135000 35
90.230000 30
90.320000 20
90.455000 55
90.535000 35
90.630000 30
90.720000 20
90.855000 55
90.935000 35
91.030000 30
91.120000 20
91.255000 55
91.335000 35
91.430000 30
91.520000 20
91.655000 55
91.735000 35
91.830000 30
91.920000 20
92.055000 55
92.135000 35
92.230000 30
92.320000 20
92.455000 55
92.535000 35
92.630000 30
92.720000 20
92.855000 55
92.935000 35
93.030000 30
93.120000 20
93.255000 55
93.335000 35
93.430000 30
93.520000 20
93.655000 55
93.735000 35
93.830000 30
93.920000 20
94.055000 55
94.135000 35
94.230000 30
94.320000 20
94.455000 55
94.535000 35
94.630000 30
94.720000 20
94.855000 55
94.935000 35
95.030000 30
95.120000 20
95.255000 55
95.335000 35
95.430000 30
95.520000 20
95.655000 55
95.735000 35
95.830000 30
95.920000 20
96.055000 55
96.135000 35
96.230000 30
96.320000 20
96.455000 55
96.535000 35
96.630000 30
96.720000 20
96.855000 55
96.935000 35
97.030000 30
97.120000 20
97.255000 55
97.335000 35
97.430000 30
97.520000 20
97.655000 55
97.735000 35
97.830000 30
97.920000 20
98.055000 55
98.135000 35
98.230000 30
98.320000 20
98.455000 55
98.535000 35
98.630000 30
98.720000 20
98.855000 55
98.935000 35
99.030000 30
99.120000 20
99.255000 55
99.335000 35
99.430000 30
99.520000 20
99.655000 55
99.735000 35
99.830000 30
99.920000 20
100.055000 55
100.135000 35
100.230000 30
100.320000 20
100.455000 55
100.535000 35
100.630000 30
100.720000 20
100.855000 55
100.935000 35
101.030000 30
101.120000 20
101.255000 55
101.335000 35
101.430000 30
101.520000 20
101.655000 55
101.735000 35
101.830000 30
101.920000 20
102.055000 55
102.135000 35
102.230000 30
102.320000 20
102.455000 55
102.535000 35
102.630000 30
102.720000 20
102.855000 55
102.935000 35
103.030000 30
103.120000 20
103.255000 55
103.335000 35
103.430000 30
103.520000 20
103.655000 55
103.735000 35
103.830000 30
103.920000 20
104.055000 55
104.135000 35
104.230000 30
104.320000 20
104.455000 55
104.535000 35
104.630000 30
104.720000 20
104.855000 55
104.935000 35
105.030000 30
105.120000 20
105.255000 55
105.335000 35
105.430000 30
105.520000 20
105.655000 55
105.735000 35
105.830000 30
105.920000 20
106.055000 55
106.135000 35
106.230000 30
106.320000 20
106.455000 55
106.535000 35
106.630000 30
106.720000 20
106.855000 55
106.935000 35
107.030000 30
107.120000 20
107.255000 55
107.335000 35
107.430000 30
107.520000 20
107.655000 55
107.735000 35
107.830000 30
107.920000 20
108.055000 55
108.135000 35
108.230000 30
108.320000 20
108.455000 55
108.535000 35
108.630000 30
108.720000 20
108.855000 55
108.935000 35
109.030000 30
109.120000 20
109.255000 55
109.335000 35
109.430000 30
109.520000 20
109.655000 55
109.735000 35
109.830000 30
109.920000 20
110.055000 55
110.135000 35
110.230000 30
110.320000 20
110.455000 55
110.535000 35
110.630000 30
110.720000 20
110.855000 55
110.935000 35
111.030000 30
111.120000 20
111.255000 55
111.335000 35
111.430000 30
111.520000 20
111.655000 55
111.735000 35
111.830000 30
111.920000 20
112.055000 55
112.135000 35
112.230000 30
112.320000 20
112.455000 55
112.535000 35
112.630000 30
112.720000 20
112.855000 55
112.935000 35
113.030000 30
113.120000 20
113.255000 55
113.335000 35
113.430000 30
113.520000 20
113.655000 55
113.735000 35
113.830000 30
113.920000 20
114.055000 55
114.135000 35
114.230000 30
114.320000 20
114.455000 55
114.535000 35
114.630000 30
114.720000 20
114.855000 55
114.935000 35
115.030000 30
115.120000 20
115.255000 55
115.335000 35
115.430000 30
115.520000 20
115.655000 55
115.735000 35
115.830000 30
115.920000 20
116.055000 55
116.135000 35
116.230000 30
116.320000 20
116.455000 55
116.535000 35
116.630000 30
116.720000 20
116.855000 55
116.935000 35
117.030000 30
117.120000 20
117.255000 55
117.335000 35
117.430000 30
117.520000 20
117.655000 55
117.735000 35
117.830000 30
117.920000 20
118.055000 55
118.135000 35
118.230000 30
118.320000 20
118.455000 55
118.535000 35
118.630000 30
118.720000 20
118.855000 55
118.935000 35
119.030000 30
119.120000 20
119.255000 55
119.335000 35
119.430000 30
119.520000 20
119.655000 55
119.735000 35
119.830000 30
119.920000 20
120.055000 55
120.135000 35
120.230000 30
120.320000 20
120.455000 55
120.535000 35
120.630000 30
120.720000 20
120.855000 55
120.935000 35
121.030000 30
121.120000 20
121.255000 55
121.335000 35
121.430000 30
121.520000 20
121.655000 55
121.735000 35
121.830000 30
121.920000 20
122.055000 55
122.135000 35
122.230000 30
122.320000 20
122.455000 55
122.535000 35
122.630000 30
122.720000 20
122.855000 55
122.935000 35
123.030000 30
123.120000 20
123.255000 55
123.335000 35
123.430000 30
123.520000 20
123.655000 55
123.735000 35
123.830000 30
123.920000 20
124.055000 55
124.135000 35
124.230000 30
124.320000 20
124.455000 55
124.535000 35
124.630000 30
124.720000 20
124.855000 55
124.935000 35
125.030000 30
125.120000 20
125.255000 55
125.335000 35
125.430000 30
125.520000 20
125.655000 55
125.735000 35
