0.070000 70
0.155000 70
0.240000 70
0.325000 70
0.410000 70
0.495000 70
0.580000 70
0.665000 70
0.750000 70
0.835000 70
0.920000 70
1.005000 70
1.090000 70
1.175000 70
1.260000 70
1.345000 70
1.430000 70
1.515000 70
1.600000 70
1.685000 70
1.770000 70
1.855000 70
1.940000 70
2.025000 70
2.110000 70
2.195000 70
2.280000 70
2.365000 70
2.450000 70
2.535000 70
2.620000 70
2.705000 70
2.790000 70
2.875000 70
2.960000 70
3.045000 70
3.130000 70
3.215000 70
3.300000 70
3.385000 70
3.470000 70
3.555000 70
3.640000 70
3.725000 70
3.810000 70
3.895000 70
3.980000 70
4.065000 70
4.150000 70
4.235000 70
4.320000 70
4.405000 70
4.490000 70
4.575000 70
4.660000 70
4.745000 70
4.830000 70
4.915000 70
5.000000 70
5.085000 70
5.170000 70
5.255000 70
5.340000 70
5.425000 70
5.510000 70
5.595000 70
5.680000 70
5.765000 70
5.850000 70
5.935000 70
6.020000 70
6.105000 70
6.190000 70
6.275000 70
6.360000 70
6.445000 70
6.530000 70
6.615000 70
6.700000 70
6.785000 70
6.870000 70
6.955000 70
7.040000 70
7.125000 70
7.210000 70
7.295000 70
7.380000 70
7.465000 70
7.550000 70
7.635000 70
7.720000 70
7.805000 70
7.890000 70
7.975000 70
8.060000 70
8.145000 70
8.230000 70
8.315000 70
8.400000 70
8.485000 70
8.570000 70
8.655000 70
8.740000 70
8.825000 70
8.910000 70
8.995000 70
9.080000 70
9.165000 70
9.250000 70
9.335000 70
9.420000 70
9.505000 70
9.590000 70
9.675000 70
9.760000 70
9.845000 70
9.930000 70
10.015000 70
10.100000 70
10.185000 70
10.270000 70
10.355000 70
10.440000 70
10.525000 70
10.610000 70
10.695000 70
10.780000 70
10.865000 70
10.950000 70
11.035000 70
11.120000 70
11.205000 70
11.290000 70
11.375000 70
11.460000 70
11.545000 70
11.630000 70
11.715000 70
11.800000 70
11.885000 70
11.970000 70
12.055000 70
12.140000 70
12.225000 70
12.310000 70
12.395000 70
12.480000 70
12.565000 70
12.650000 70
12.735000 70
12.820000 70
12.905000 70
12.990000 70
13.075000 70
13.160000 70
13.245000 70
13.330000 70
13.415000 70
13.500000 70
13.585000 70
13.670000 70
13.755000 70
13.840000 70
13.925000 70
14.010000 70
14.095000 70
14.180000 70
14.265000 70
14.350000 70
14.435000 70
14.520000 70
14.605000 70
14.690000 70
14.775000 70
14.860000 70
14.945000 70
15.030000 70
15.115000 70
15.200000 70
15.285000 70
15.370000 70
15.455000 70
15.540000 70
15.625000 70
15.710000 70
15.795000 70
15.880000 70
15.965000 70
16.050000 70
16.135000 70
16.220000 70
16.305000 70
16.390000 70
16.475000 70
16.560000 70
16.645000 70
16.730000 70
16.815000 70
16.900000 70
16.985000 70
17.070000 70
17.155000 70
17.240000 70
17.325000 70
17.410000 70
17.495000 70
17.580000 70
17.665000 70
17.750000 70
17.835000 70
17.920000 70
18.005000 70
18.090000 70
18.175000 70
18.260000 70
18.345000 70
18.430000 70
18.515000 70
18.600000 70
18.685000 70
18.770000 70
18.855000 70
18.940000 70
19.025000 70
19.110000 70
19.195000 70
19.280000 70
19.365000 70
19.450000 70
19.535000 70
19.620000 70
19.705000 70
19.790000 70
19.875000 70
19.960000 70
20.045000 70
20.130000 70
20.215000 70
20.300000 70
20.385000 70
20.470000 70
20.555000 70
20.640000 70
20.725000 70
20.810000 70
20.895000 70
20.980000 70
21.065000 70
21.150000 70
21.235000 70
21.320000 70
21.405000 70
21.490000 70
21.575000 70
21.660000 70
21.745000 70
21.830000 70
21.915000 70
22.000000 70
22.085000 70
22.170000 70
22.255000 70
22.340000 70
22.425000 70
22.510000 70
22.595000 70
22.680000 70
22.765000 70
22.850000 70
22.935000 70
23.020000 70
23.105000 70
23.190000 70
23.275000 70
23.360000 70
23.445000 70
23.530000 70
23.615000 70
23.700000 70
23.785000 70
23.870000 70
23.955000 70
24.040000 70
24.125000 70
24.210000 70
24.295000 70
24.380000 70
24.465000 70
24.550000 70
24.635000 70
24.720000 70
24.805000 70
24.890000 70
24.975000 70
25.060000 70
25.145000 70
25.230000 70
25.315000 70
25.400000 70
25.485000 70
25.570000 70
25.655000 70
25.740000 70
25.825000 70
25.910000 70
25.995000 70
26.080000 70
26.165000 70
26.250000 70
26.335000 70
26.420000 70
26.505000 70
26.590000 70
26.675000 70
26.760000 70
26.845000 70
26.930000 70
27.015000 70
27.100000 70
27.185000 70
27.270000 70
27.355000 70
27.440000 70
27.525000 70
27.610000 70
27.695000 70
27.780000 70
27.865000 70
27.950000 70
28.035000 70
28.120000 70
28.205000 70
28.290000 70
28.375000 70
28.460000 70
28.545000 70
28.630000 70
28.715000 70
28.800000 70
28.885000 70
28.970000 70
29.055000 70
29.140000 70
29.225000 70
29.310000 70
29.395000 70
29.480000 70
29.565000 70
29.650000 70
29.735000 70
29.820000 70
29.905000 70
29.990000 70
30.075000 70
30.160000 70
30.245000 70
30.330000 70
30.415000 70
30.500000 70
30.585000 70
30.670000 70
30.755000 70
30.840000 70
30.925000 70
31.010000 70
31.095000 70
31.180000 70
31.265000 70
31.350000 70
31.435000 70
31.520000 70
31.605000 70
31.690000 70
31.775000 70
31.860000 70
31.945000 70
32.030000 70
32.115000 70
32.200000 70
32.285000 70
32.370000 70
32.455000 70
32.540000 70
32.625000 70
32.710000 70
32.795000 70
32.880000 70
32.965000 70
33.050000 70
33.135000 70
33.220000 70
33.305000 70
33.390000 70
33.475000 70
33.560000 70
33.645000 70
33.730000 70
33.815000 70
33.900000 70
33.985000 70
34.070000 70
34.155000 70
34.240000 70
34.325000 70
34.410000 70
34.495000 70
34.580000 70
34.665000 70
34.750000 70
34.835000 70
34.920000 70
35.005000 70
35.090000 70
35.175000 70
35.260000 70
35.345000 70
35.430000 70
35.515000 70
35.600000 70
35.685000 70
35.770000 70
35.855000 70
35.940000 70
36.025000 70
36.110000 70
36.195000 70
36.280000 70
36.365000 70
36.450000 70
36.535000 70
36.620000 70
36.705000 70
36.790000 70
36.875000 70
36.960000 70
37.045000 70
37.130000 70
37.215000 70
37.300000 70
37.385000 70
37.470000 70
37.555000 70
37.640000 70
37.725000 70
37.810000 70
37.895000 70
37.980000 70
38.065000 70
38.150000 70
38.235000 70
38.320000 70
38.405000 70
38.490000 70
38.575000 70
38.660000 70
38.745000 70
38.830000 70
38.915000 70
39.000000 70
39.085000 70
39.170000 70
39.255000 70
39.340000 70
39.425000 70
39.510000 70
39.595000 70
39.680000 70
39.765000 70
39.850000 70
39.935000 70
40.020000 70
40.105000 70
40.190000 70
40.275000 70
40.360000 70
40.445000 70
40.530000 70
40.615000 70
40.700000 70
40.785000 70
40.870000 70
40.955000 70
41.040000 70
41.125000 70
41.210000 70
41.295000 70
41.380000 70
41.465000 70
41.550000 70
41.635000 70
41.720000 70
41.805000 70
41.890000 70
41.975000 70
42.060000 70
42.145000 70
42.230000 70
42.315000 70
42.400000 70
42.485000 70
42.570000 70
42.655000 70
42.740000 70
42.825000 70
42.910000 70
42.995000 70
43.080000 70
43.165000 70
43.250000 70
43.335000 70
43.420000 70
43.505000 70
43.590000 70
43.675000 70
43.760000 70
43.845000 70
43.930000 70
44.015000 70
44.100000 70
44.185000 70
44.270000 70
44.355000 70
44.440000 70
44.525000 70
44.610000 70
44.695000 70
44.780000 70
44.865000 70
44.950000 70
45.035000 70
45.120000 70
45.205000 70
45.290000 70
45.375000 70
45.460000 70
45.545000 70
45.630000 70
45.715000 70
45.800000 70
45.885000 70
45.970000 70
46.055000 70
46.140000 70
46.225000 70
46.310000 70
46.395000 70
46.480000 70
46.565000 70
46.650000 70
46.735000 70
46.820000 70
46.905000 70
46.990000 70
47.075000 70
47.160000 70
47.245000 70
47.330000 70
47.415000 70
47.500000 70
47.585000 70
47.670000 70
47.755000 70
47.840000 70
47.925000 70
48.010000 70
48.095000 70
48.180000 70
48.265000 70
48.350000 70
48.435000 70
48.520000 70
48.605000 70
48.690000 70
48.775000 70
48.860000 70
48.945000 70
49.030000 70
49.115000 70
49.200000 70
49.285000 70
49.370000 70
49.455000 70
49.540000 70
49.625000 70
49.710000 70
49.795000 70
49.880000 70
49.965000 70
50.050000 70
50.135000 70
50.220000 70
50.305000 70
50.390000 70
50.475000 70
50.560000 70
50.645000 70
50.730000 70
50.815000 70
50.900000 70
50.985000 70
51.070000 70
51.155000 70
51.240000 70
51.325000 70
51.410000 70
51.495000 70
51.580000 70
51.665000 70
51.750000 70
51.835000 70
51.920000 70
52.005000 70
52.090000 70
52.175000 70
52.260000 70
52.345000 70
52.430000 70
52.515000 70
52.600000 70
52.685000 70
52.770000 70
52.855000 70
52.940000 70
53.025000 70
53.110000 70
53.195000 70
53.280000 70
53.365000 70
53.450000 70
53.535000 70
53.620000 70
53.705000 70
53.790000 70
53.875000 70
53.960000 70
54.045000 70
54.130000 70
54.215000 70
54.300000 70
54.385000 70
54.470000 70
54.555000 70
54.640000 70
54.725000 70
54.810000 70
54.895000 70
54.980000 70
55.065000 70
55.150000 70
55.235000 70
55.320000 70
55.405000 70
55.490000 70
55.575000 70
55.660000 70
55.745000 70
55.830000 70
55.915000 70
56.000000 70
56.085000 70
56.170000 70
56.255000 70
56.340000 70
56.425000 70
56.510000 70
56.595000 70
56.680000 70
56.765000 70
56.850000 70
56.935000 70
57.020000 70
57.105000 70
57.190000 70
57.275000 70
57.360000 70
57.445000 70
57.530000 70
57.615000 70
57.700000 70
57.785000 70
57.870000 70
57.955000 70
58.040000 70
58.125000 70
58.210000 70
58.295000 70
58.380000 70
58.465000 70
58.550000 70
58.635000 70
58.720000 70
58.805000 70
58.890000 70
58.975000 70
59.060000 70
59.145000 70
59.230000 70
59.315000 70
59.400000 70
59.485000 70
59.570000 70
59.655000 70
59.740000 70
59.825000 70
59.910000 70
59.995000 70
60.080000 70
60.165000 70
60.250000 70
60.335000 70
60.420000 70
60.505000 70
60.590000 70
60.675000 70
60.760000 70
60.845000 70
60.930000 70
61.015000 70
61.100000 70
61.185000 70
61.270000 70
61.355000 70
61.440000 70
61.525000 70
61.610000 70
61.695000 70
61.780000 70
61.865000 70
61.950000 70
62.035000 70
62.120000 70
62.205000 70
62.290000 70
62.375000 70
62.460000 70
62.545000 70
62.630000 70
62.715000 70
62.800000 70
62.885000 70
62.970000 70
63.055000 70
63.140000 70
63.225000 70
63.310000 70
63.395000 70
63.480000 70
63.565000 70
63.650000 70
63.735000 70
63.820000 70
63.905000 70
63.990000 70
64.075000 70
64.160000 70
64.245000 70
64.330000 70
64.415000 70
64.500000 70
64.585000 70
64.670000 70
64.755000 70
64.840000 70
64.925000 70
65.010000 70
65.095000 70
65.180000 70
65.265000 70
65.350000 70
65.435000 70
65.520000 70
65.605000 70
65.690000 70
65.775000 70
65.860000 70
65.945000 70
66.030000 70
66.115000 70
66.200000 70
66.285000 70
66.370000 70
66.455000 70
66.540000 70
66.625000 70
66.710000 70
66.795000 70
66.880000 70
66.965000 70
67.050000 70
67.135000 70
67.220000 70
67.305000 70
67.390000 70
67.475000 70
67.560000 70
67.645000 70
67.730000 70
67.815000 70
67.900000 70
67.985000 70
68.070000 70
68.155000 70
68.240000 70
68.325000 70
68.410000 70
68.495000 70
68.580000 70
68.665000 70
68.750000 70
68.835000 70
68.920000 70
69.005000 70
69.090000 70
69.175000 70
69.260000 70
69.345000 70
69.430000 70
69.515000 70
69.600000 70
69.685000 70
69.770000 70
69.855000 70
69.940000 70
70.025000 70
70.110000 70
70.195000 70
70.280000 70
70.365000 70
70.450000 70
70.535000 70
70.620000 70
70.705000 70
70.790000 70
70.875000 70
70.960000 70
71.045000 70
71.130000 70
71.215000 70
71.300000 70
71.385000 70
71.470000 70
71.555000 70
71.640000 70
71.725000 70
71.810000 70
71.895000 70
71.980000 70
72.065000 70
72.150000 70
72.235000 70
72.320000 70
72.405000 70
72.490000 70
72.575000 70
72.660000 70
72.745000 70
72.830000 70
72.915000 70
73.000000 70
73.085000 70
73.170000 70
73.255000 70
73.340000 70
73.425000 70
73.510000 70
73.595000 70
73.680000 70
73.765000 70
73.850000 70
73.935000 70
74.020000 70
74.105000 70
74.190000 70
74.275000 70
74.360000 70
74.445000 70
74.530000 70
74.615000 70
74.700000 70
74.785000 70
74.870000 70
74.955000 70
75.040000 70
75.125000 70
75.210000 70
75.295000 70
75.380000 70
75.465000 70
75.550000 70
75.635000 70
75.720000 70
75.805000 70
75.890000 70
75.975000 70
76.060000 70
76.145000 70
76.230000 70
76.315000 70
76.400000 70
76.485000 70
76.570000 70
76.655000 70
76.740000 70
76.825000 70
76.910000 70
76.995000 70
77.080000 70
77.165000 70
77.250000 70
77.335000 70
77.420000 70
77.505000 70
77.590000 70
77.675000 70
77.760000 70
77.845000 70
77.930000 70
78.015000 70
78.100000 70
78.185000 70
78.270000 70
78.355000 70
78.440000 70
78.525000 70
78.610000 70
78.695000 70
78.780000 70
78.865000 70
78.950000 70
79.035000 70
79.120000 70
79.205000 70
79.290000 70
79.375000 70
79.460000 70
79.545000 70
79.630000 70
79.715000 70
79.800000 70
79.885000 70
79.970000 70
80.055000 70
80.140000 70
80.225000 70
80.310000 70
80.395000 70
80.480000 70
80.565000 70
80.650000 70
80.735000 70
80.820000 70
80.905000 70
80.990000 70
81.075000 70
81.160000 70
81.245000 70
81.330000 70
81.415000 70
81.500000 70
81.585000 70
81.670000 70
81.755000 70
81.840000 70
81.925000 70
82.010000 70
82.095000 70
82.180000 70
82.265000 70
82.350000 70
82.435000 70
82.520000 70
82.605000 70
82.690000 70
82.775000 70
82.860000 70
82.945000 70
83.030000 70
83.115000 70
83.200000 70
83.285000 70
83.370000 70
83.455000 70
83.540000 70
83.625000 70
83.710000 70
83.795000 70
83.880000 70
83.965000 70
84.050000 70
84.135000 70
84.220000 70
84.305000 70
84.390000 70
84.475000 70
84.560000 70
84.645000 70
84.730000 70
84.815000 70
84.900000 70
84.985000 70
85.070000 70
85.155000 70
85.240000 70
85.325000 70
85.410000 70
85.495000 70
85.580000 70
85.665000 70
85.750000 70
85.835000 70
85.920000 70
86.005000 70
86.090000 70
86.175000 70
86.260000 70
86.345000 70
86.430000 70
86.515000 70
86.600000 70
86.685000 70
86.770000 70
86.855000 70
86.940000 70
87.025000 70
87.110000 70
87.195000 70
87.280000 70
87.365000 70
87.450000 70
87.535000 70
87.620000 70
87.705000 70
87.790000 70
87.875000 70
87.960000 70
88.045000 70
88.130000 70
88.215000 70
88.300000 70
88.385000 70
88.470000 70
88.555000 70
88.640000 70
88.725000 70
88.810000 70
88.895000 70
88.980000 70
89.065000 70
89.150000 70
89.235000 70
89.320000 70
89.405000 70
89.490000 70
89.575000 70
89.660000 70
89.745000 70
89.830000 70
89.915000 70
90.000000 70
90.085000 70
90.170000 70
90.255000 70
90.340000 70
90.425000 70
90.510000 70
90.595000 70
90.680000 70
90.765000 70
90.850000 70
90.935000 70
91.020000 70
91.105000 70
91.190000 70
91.275000 70
91.360000 70
91.445000 70
91.530000 70
91.615000 70
91.700000 70
91.785000 70
91.870000 70
91.955000 70
92.040000 70
92.125000 70
92.210000 70
92.295000 70
92.380000 70
92.465000 70
92.550000 70
92.635000 70
92.720000 70
92.805000 70
92.890000 70
92.975000 70
93.060000 70
93.145000 70
93.230000 70
93.315000 70
93.400000 70
93.485000 70
93.570000 70
93.655000 70
93.740000 70
93.825000 70
93.910000 70
93.995000 70
94.080000 70
94.165000 70
94.250000 70
94.335000 70
94.420000 70
94.505000 70
94.590000 70
94.675000 70
94.760000 70
94.845000 70
94.930000 70
95.015000 70
95.100000 70
95.185000 70
95.270000 70
95.355000 70
95.440000 70
95.525000 70
95.610000 70
95.695000 70
95.780000 70
95.865000 70
95.950000 70
96.035000 70
96.120000 70
96.205000 70
96.290000 70
96.375000 70
96.460000 70
96.545000 70
96.630000 70
96.715000 70
96.800000 70
96.885000 70
96.970000 70
97.055000 70
97.140000 70
97.225000 70
97.310000 70
97.395000 70
97.480000 70
97.565000 70
97.650000 70
97.735000 70
97.820000 70
97.905000 70
97.990000 70
98.075000 70
98.160000 70
98.245000 70
98.330000 70
98.415000 70
98.500000 70
98.585000 70
98.670000 70
98.755000 70
98.840000 70
98.925000 70
99.010000 70
99.095000 70
99.180000 70
99.265000 70
99.350000 70
99.435000 70
99.520000 70
99.605000 70
99.690000 70
99.775000 70
99.860000 70
99.945000 70
100.030000 70
100.115000 70
100.200000 70
100.285000 70
100.370000 70
100.455000 70
100.540000 70
100.625000 70
100.710000 70
100.795000 70
100.880000 70
100.965000 70
101.050000 70
101.135000 70
101.220000 70
101.305000 70
101.390000 70
101.475000 70
101.560000 70
101.645000 70
101.730000 70
101.815000 70
101.900000 70
101.985000 70
102.070000 70
102.155000 70
102.240000 70
102.325000 70
102.410000 70
102.495000 70
102.580000 70
102.665000 70
102.750000 70
102.835000 70
102.920000 70
103.005000 70
103.090000 70
103.175000 70
103.260000 70
103.345000 70
103.430000 70
103.515000 70
103.600000 70
103.685000 70
103.770000 70
103.855000 70
103.940000 70
104.025000 70
104.110000 70
104.195000 70
104.280000 70
104.365000 70
104.450000 70
104.535000 70
104.620000 70
104.705000 70
104.790000 70
104.875000 70
104.960000 70
105.045000 70
105.130000 70
105.215000 70
105.300000 70
105.385000 70
105.470000 70
105.555000 70
105.640000 70
105.725000 70
105.810000 70
105.895000 70
105.980000 70
106.065000 70
106.150000 70
106.235000 70
106.320000 70
106.405000 70
106.490000 70
106.575000 70
106.660000 70
106.745000 70
106.830000 70
106.915000 70
107.000000 70
107.085000 70
107.170000 70
107.255000 70
107.340000 70
107.425000 70
107.510000 70
107.595000 70
107.680000 70
107.765000 70
107.850000 70
107.935000 70
108.020000 70
108.105000 70
108.190000 70
108.275000 70
108.360000 70
108.445000 70
108.530000 70
108.615000 70
108.700000 70
108.785000 70
108.870000 70
108.955000 70
109.040000 70
109.125000 70
109.210000 70
109.295000 70
109.380000 70
109.465000 70
109.550000 70
109.635000 70
109.720000 70
109.805000 70
109.890000 70
109.975000 70
110.060000 70
110.145000 70
110.230000 70
110.315000 70
110.400000 70
110.485000 70
110.570000 70
110.655000 70
110.740000 70
110.825000 70
110.910000 70
110.995000 70
111.080000 70
111.165000 70
111.250000 70
111.335000 70
111.420000 70
111.505000 70
111.590000 70
111.675000 70
111.760000 70
111.845000 70
111.930000 70
112.015000 70
112.100000 70
112.185000 70
112.270000 70
112.355000 70
112.440000 70
112.525000 70
112.610000 70
112.695000 70
112.780000 70
112.865000 70
112.950000 70
113.035000 70
113.120000 70
113.205000 70
113.290000 70
113.375000 70
113.460000 70
113.545000 70
113.630000 70
113.715000 70
113.800000 70
113.885000 70
113.970000 70
114.055000 70
114.140000 70
114.225000 70
114.310000 70
114.395000 70
114.480000 70
114.565000 70
114.650000 70
114.735000 70
114.820000 70
114.905000 70
114.990000 70
115.075000 70
115.160000 70
115.245000 70
115.330000 70
115.415000 70
115.500000 70
115.585000 70
115.670000 70
115.755000 70
115.840000 70
115.925000 70
116.010000 70
116.095000 70
116.180000 70
116.265000 70
116.350000 70
116.435000 70
116.520000 70
116.605000 70
116.690000 70
116.775000 70
116.860000 70
116.945000 70
117.030000 70
117.115000 70
117.200000 70
117.285000 70
117.370000 70
117.455000 70
117.540000 70
117.625000 70
117.710000 70
117.795000 70
117.880000 70
117.965000 70
118.050000 70
118.135000 70
118.220000 70
118.305000 70
118.390000 70
118.475000 70
118.560000 70
118.645000 70
118.730000 70
118.815000 70
118.900000 70
118.985000 70
119.070000 70
119.155000 70
119.240000 70
119.325000 70
119.410000 70
119.495000 70
119.580000 70
119.665000 70
119.750000 70
119.835000 70
119.920000 70
120.005000 70
120.090000 70
120.175000 70
120.260000 70
120.345000 70
120.430000 70
120.515000 70
120.600000 70
120.685000 70
120.770000 70
120.855000 70
120.940000 70
121.025000 70
121.110000 70
121.195000 70
121.280000 70
121.365000 70
121.450000 70
121.535000 70
121.620000 70
121.705000 70
121.790000 70
121.875000 70
121.960000 70
122.045000 70
122.130000 70
122.215000 70
122.300000 70
122.385000 70
122.470000 70
122.555000 70
122.640000 70
122.725000 70
122.810000 70
122.895000 70
122.980000 70
123.065000 70
123.150000 70
123.235000 70
123.320000 70
123.405000 70
123.490000 70
123.575000 70
123.660000 70
123.745000 70
123.830000 70
123.915000 70
124.000000 70
124.085000 70
124.170000 70
124.255000 70
124.340000 70
124.425000 70
124.510000 70
124.595000 70
124.680000 70
124.765000 70
124.850000 70
124.935000 70
125.020000 70
125.105000 70
125.190000 70
125.275000 70
125.360000 70
125.445000 70
125.530000 70
125.615000 70
125.700000 70
