0.120000 120
0.290000 120
0.460000 120
0.630000 120
0.800000 120
0.970000 120
1.140000 120
1.310000 120
1.480000 120
1.650000 120
1.820000 120
1.990000 120
2.160000 120
2.330000 120
2.500000 120
2.670000 120
2.840000 120
3.010000 120
3.180000 120
3.350000 120
3.520000 120
3.690000 120
3.860000 120
4.030000 120
4.200000 120
4.370000 120
4.540000 120
4.710000 120
4.880000 120
5.050000 120
5.220000 120
5.390000 120
5.560000 120
5.730000 120
5.900000 120
6.070000 120
6.240000 120
6.410000 120
6.580000 120
6.750000 120
6.920000 120
7.090000 120
7.260000 120
7.430000 120
7.600000 120
7.770000 120
7.940000 120
8.110000 120
8.280000 120
8.450000 120
8.620000 120
8.790000 120
8.960000 120
9.130000 120
9.300000 120
9.470000 120
9.640000 120
9.810000 120
9.980000 120
10.150000 120
10.320000 120
10.490000 120
10.660000 120
10.830000 120
11.000000 120
11.170000 120
11.340000 120
11.510000 120
11.680000 120
11.850000 120
12.020000 120
12.190000 120
12.360000 120
12.530000 120
12.700000 120
12.870000 120
13.040000 120
13.210000 120
13.380000 120
13.550000 120
13.720000 120
13.890000 120
14.060000 120
14.230000 120
14.400000 120
14.570000 120
14.740000 120
14.910000 120
15.080000 120
15.250000 120
15.420000 120
15.590000 120
15.760000 120
15.930000 120
16.100000 120
16.270000 120
16.440000 120
16.610000 120
16.780000 120
16.950000 120
17.120000 120
17.290000 120
17.460000 120
17.630000 120
17.800000 120
17.970000 120
18.140000 120
18.310000 120
18.480000 120
18.650000 120
18.820000 120
18.990000 120
19.160000 120
19.330000 120
19.500000 120
19.670000 120
19.840000 120
20.010000 120
20.180000 120
20.350000 120
20.520000 120
20.690000 120
20.860000 120
21.030000 120
21.200000 120
21.370000 120
21.540000 120
21.710000 120
21.880000 120
22.050000 120
22.220000 120
22.390000 120
22.560000 120
22.730000 120
22.900000 120
23.070000 120
23.240000 120
23.410000 120
23.580000 120
23.750000 120
23.920000 120
24.090000 120
24.260000 120
24.430000 120
24.600000 120
24.770000 120
24.940000 120
25.110000 120
25.280000 120
25.450000 120
25.620000 120
25.790000 120
25.960000 120
26.130000 120
26.300000 120
26.470000 120
26.640000 120
26.810000 120
26.980000 120
27.150000 120
27.320000 120
27.490000 120
27.660000 120
27.830000 120
28.000000 120
28.170000 120
28.340000 120
28.510000 120
28.680000 120
28.850000 120
29.020000 120
29.190000 120
29.360000 120
29.530000 120
29.700000 120
29.870000 120
30.040000 120
30.210000 120
30.380000 120
30.550000 120
30.720000 120
30.890000 120
31.060000 120
31.230000 120
31.400000 120
31.570000 120
31.740000 120
31.910000 120
32.080000 120
32.250000 120
32.420000 120
32.590000 120
32.760000 120
32.930000 120
33.100000 120
33.270000 120
33.440000 120
33.610000 120
33.780000 120
33.950000 120
34.120000 120
34.290000 120
34.460000 120
34.630000 120
34.800000 120
34.970000 120
35.140000 120
35.310000 120
35.480000 120
35.650000 120
35.820000 120
35.990000 120
36.160000 120
36.330000 120
36.500000 120
36.670000 120
36.840000 120
37.010000 120
37.180000 120
37.350000 120
37.520000 120
37.690000 120
37.860000 120
38.030000 120
38.200000 120
38.370000 120
38.540000 120
38.710000 120
38.880000 120
39.050000 120
39.220000 120
39.390000 120
39.560000 120
39.730000 120
39.900000 120
40.070000 120
40.240000 120
40.410000 120
40.580000 120
40.750000 120
40.920000 120
41.090000 120
41.260000 120
41.430000 120
41.600000 120
41.770000 120
41.940000 120
42.110000 120
42.280000 120
42.450000 120
42.620000 120
42.790000 120
42.960000 120
43.130000 120
43.300000 120
43.470000 120
43.640000 120
43.810000 120
43.980000 120
44.150000 120
44.320000 120
44.490000 120
44.660000 120
44.830000 120
45.000000 120
45.170000 120
45.340000 120
45.510000 120
45.680000 120
45.850000 120
46.020000 120
46.190000 120
46.360000 120
46.530000 120
46.700000 120
46.870000 120
47.040000 120
47.210000 120
47.380000 120
47.550000 120
47.720000 120
47.890000 120
48.060000 120
48.230000 120
48.400000 120
48.570000 120
48.740000 120
48.910000 120
49.080000 120
49.250000 120
49.420000 120
49.590000 120
49.760000 120
49.930000 120
50.100000 120
50.270000 120
50.440000 120
50.610000 120
50.780000 120
50.950000 120
51.120000 120
51.290000 120
51.460000 120
51.630000 120
51.800000 120
51.970000 120
52.140000 120
52.310000 120
52.480000 120
52.650000 120
52.820000 120
52.990000 120
53.160000 120
53.330000 120
53.500000 120
53.670000 120
53.840000 120
54.010000 120
54.180000 120
54.350000 120
54.520000 120
54.690000 120
54.860000 120
55.030000 120
55.200000 120
55.370000 120
55.540000 120
55.710000 120
55.880000 120
56.050000 120
56.220000 120
56.390000 120
56.560000 120
56.730000 120
56.900000 120
57.070000 120
57.240000 120
57.410000 120
57.580000 120
57.750000 120
57.920000 120
58.090000 120
58.260000 120
58.430000 120
58.600000 120
58.770000 120
58.940000 120
59.110000 120
59.280000 120
59.450000 120
59.620000 120
59.790000 120
59.960000 120
60.130000 120
60.300000 120
60.470000 120
60.640000 120
60.810000 120
60.980000 120
61.150000 120
61.320000 120
61.490000 120
61.660000 120
61.830000 120
62.000000 120
62.170000 120
62.340000 120
62.510000 120
62.680000 120
62.850000 120
63.020000 120
63.190000 120
63.360000 120
63.530000 120
63.700000 120
63.870000 120
64.040000 120
64.210000 120
64.380000 120
64.550000 120
64.720000 120
64.890000 120
65.060000 120
65.230000 120
65.400000 120
65.570000 120
65.740000 120
65.910000 120
66.080000 120
66.250000 120
66.420000 120
66.590000 120
66.760000 120
66.930000 120
67.100000 120
67.270000 120
67.440000 120
67.610000 120
67.780000 120
67.950000 120
68.120000 120
68.290000 120
68.460000 120
68.630000 120
68.800000 120
68.970000 120
69.140000 120
69.310000 120
69.480000 120
69.650000 120
69.820000 120
69.990000 120
70.160000 120
70.330000 120
70.500000 120
70.670000 120
70.840000 120
71.010000 120
71.180000 120
71.350000 120
71.520000 120
71.690000 120
71.860000 120
72.030000 120
72.200000 120
72.370000 120
72.540000 120
72.710000 120
72.880000 120
73.050000 120
73.220000 120
73.390000 120
73.560000 120
73.730000 120
73.900000 120
74.070000 120
74.240000 120
74.410000 120
74.580000 120
74.750000 120
74.920000 120
75.090000 120
75.260000 120
75.430000 120
75.600000 120
75.770000 120
75.940000 120
76.110000 120
76.280000 120
76.450000 120
76.620000 120
76.790000 120
76.960000 120
77.130000 120
77.300000 120
77.470000 120
77.640000 120
77.810000 120
77.980000 120
78.150000 120
78.320000 120
78.490000 120
78.660000 120
78.830000 120
79.000000 120
79.170000 120
79.340000 120
79.510000 120
79.680000 120
79.850000 120
80.020000 120
80.190000 120
80.360000 120
80.530000 120
80.700000 120
80.870000 120
81.040000 120
81.210000 120
81.380000 120
81.550000 120
81.720000 120
81.890000 120
82.060000 120
82.230000 120
82.400000 120
82.570000 120
82.740000 120
82.910000 120
83.080000 120
83.250000 120
83.420000 120
83.590000 120
83.760000 120
83.930000 120
84.100000 120
84.270000 120
84.440000 120
84.610000 120
84.780000 120
84.950000 120
85.120000 120
85.290000 120
85.460000 120
85.630000 120
85.800000 120
85.970000 120
86.140000 120
86.310000 120
86.480000 120
86.650000 120
86.820000 120
86.990000 120
87.160000 120
87.330000 120
87.500000 120
87.670000 120
87.840000 120
88.010000 120
88.180000 120
88.350000 120
88.520000 120
88.690000 120
88.860000 120
89.030000 120
89.200000 120
89.370000 120
89.540000 120
89.710000 120
89.880000 120
90.050000 120
90.220000 120
90.390000 120
90.560000 120
90.730000 120
90.900000 120
91.070000 120
91.240000 120
91.410000 120
91.580000 120
91.750000 120
91.920000 120
92.090000 120
92.260000 120
92.430000 120
92.600000 120
92.770000 120
92.940000 120
93.110000 120
93.280000 120
93.450000 120
93.620000 120
93.790000 120
93.960000 120
94.130000 120
94.300000 120
94.470000 120
94.640000 120
94.810000 120
94.980000 120
95.150000 120
95.320000 120
95.490000 120
95.660000 120
95.830000 120
96.000000 120
96.170000 120
96.340000 120
96.510000 120
96.680000 120
96.850000 120
97.020000 120
97.190000 120
97.360000 120
97.530000 120
97.700000 120
97.870000 120
98.040000 120
98.210000 120
98.380000 120
98.550000 120
98.720000 120
98.890000 120
99.060000 120
99.230000 120
99.400000 120
99.570000 120
99.740000 120
99.910000 120
100.080000 120
100.250000 120
100.420000 120
100.590000 120
100.760000 120
100.930000 120
101.100000 120
101.270000 120
101.440000 120
101.610000 120
101.780000 120
101.950000 120
102.120000 120
102.290000 120
102.460000 120
102.630000 120
102.800000 120
102.970000 120
103.140000 120
103.310000 120
103.480000 120
103.650000 120
103.820000 120
103.990000 120
104.160000 120
104.330000 120
104.500000 120
104.670000 120
104.840000 120
105.010000 120
105.180000 120
105.350000 120
105.520000 120
105.690000 120
105.860000 120
106.030000 120
106.200000 120
106.370000 120
106.540000 120
106.710000 120
106.880000 120
107.050000 120
107.220000 120
107.390000 120
107.560000 120
107.730000 120
107.900000 120
108.070000 120
108.240000 120
108.410000 120
108.580000 120
108.750000 120
108.920000 120
109.090000 120
109.260000 120
109.430000 120
109.600000 120
109.770000 120
109.940000 120
110.110000 120
110.280000 120
110.450000 120
110.620000 120
110.790000 120
110.960000 120
111.130000 120
111.300000 120
111.470000 120
111.640000 120
111.810000 120
111.980000 120
112.150000 120
112.320000 120
112.490000 120
112.660000 120
112.830000 120
113.000000 120
113.170000 120
113.340000 120
113.510000 120
113.680000 120
113.850000 120
114.020000 120
114.190000 120
114.360000 120
114.530000 120
114.700000 120
114.870000 120
115.040000 120
115.210000 120
115.380000 120
115.550000 120
115.720000 120
115.890000 120
116.060000 120
116.230000 120
116.400000 120
116.570000 120
116.740000 120
116.910000 120
117.080000 120
117.250000 120
117.420000 120
117.590000 120
117.760000 120
117.930000 120
118.100000 120
118.270000 120
118.440000 120
118.610000 120
118.780000 120
118.950000 120
119.120000 120
119.290000 120
119.460000 120
119.630000 120
119.800000 120
119.970000 120
120.140000 120
120.310000 120
120.480000 120
120.650000 120
120.820000 120
120.990000 120
121.160000 120
121.330000 120
121.500000 120
121.670000 120
121.840000 120
122.010000 120
122.180000 120
122.350000 120
122.520000 120
122.690000 120
122.860000 120
123.030000 120
123.200000 120
123.370000 120
123.540000 120
123.710000 120
123.880000 120
124.050000 120
124.220000 120
124.390000 120
124.560000 120
124.730000 120
124.900000 120
125.070000 120
125.240000 120
125.410000 120
125.580000 120
125.750000 120
