0.025000 25
0.105000 25
0.185000 25
0.265000 25
0.345000 25
0.425000 25
0.505000 25
0.585000 25
0.665000 25
0.745000 25
0.825000 25
0.905000 25
0.985000 25
1.065000 25
1.145000 25
1.225000 25
1.305000 25
1.385000 25
1.465000 25
1.545000 25
1.625000 25
1.705000 25
1.785000 25
1.865000 25
1.945000 25
2.025000 25
2.105000 25
2.185000 25
2.265000 25
2.345000 25
2.425000 25
2.505000 25
2.585000 25
2.665000 25
2.745000 25
2.825000 25
2.905000 25
2.985000 25
3.065000 25
3.145000 25
3.225000 25
3.305000 25
3.385000 25
3.465000 25
3.545000 25
3.625000 25
3.705000 25
3.785000 25
3.865000 25
3.945000 25
4.025000 25
4.105000 25
4.185000 25
4.265000 25
4.345000 25
4.425000 25
4.505000 25
4.585000 25
4.665000 25
4.745000 25
4.825000 25
4.905000 25
4.985000 25
5.065000 25
5.145000 25
5.225000 25
5.305000 25
5.385000 25
5.465000 25
5.545000 25
5.625000 25
5.705000 25
5.785000 25
5.865000 25
5.945000 25
6.025000 25
6.105000 25
6.185000 25
6.265000 25
6.345000 25
6.425000 25
6.505000 25
6.585000 25
6.665000 25
6.745000 25
6.825000 25
6.905000 25
6.985000 25
7.065000 25
7.145000 25
7.225000 25
7.305000 25
7.385000 25
7.465000 25
7.545000 25
7.625000 25
7.705000 25
7.785000 25
7.865000 25
7.945000 25
8.025000 25
8.105000 25
8.185000 25
8.265000 25
8.345000 25
8.425000 25
8.505000 25
8.585000 25
8.665000 25
8.745000 25
8.825000 25
8.905000 25
8.985000 25
9.065000 25
9.145000 25
9.225000 25
9.305000 25
9.385000 25
9.465000 25
9.545000 25
9.625000 25
9.705000 25
9.785000 25
9.865000 25
9.945000 25
10.025000 25
10.105000 25
10.185000 25
10.265000 25
10.345000 25
10.425000 25
10.505000 25
10.585000 25
10.665000 25
10.745000 25
10.825000 25
10.905000 25
10.985000 25
11.065000 25
11.145000 25
11.225000 25
11.305000 25
11.385000 25
11.465000 25
11.545000 25
11.625000 25
11.705000 25
11.785000 25
11.865000 25
11.945000 25
12.025000 25
12.105000 25
12.185000 25
12.265000 25
12.345000 25
12.425000 25
12.505000 25
12.585000 25
12.665000 25
12.745000 25
12.825000 25
12.905000 25
12.985000 25
13.065000 25
13.145000 25
13.225000 25
13.305000 25
13.385000 25
13.465000 25
13.545000 25
13.625000 25
13.705000 25
13.785000 25
13.865000 25
13.945000 25
14.025000 25
14.105000 25
14.185000 25
14.265000 25
14.345000 25
14.425000 25
14.505000 25
14.585000 25
14.665000 25
14.745000 25
14.825000 25
14.905000 25
14.985000 25
15.065000 25
15.145000 25
15.225000 25
15.305000 25
15.385000 25
15.465000 25
15.545000 25
15.625000 25
15.705000 25
15.785000 25
15.865000 25
15.945000 25
16.025000 25
16.105000 25
16.185000 25
16.265000 25
16.345000 25
16.425000 25
16.505000 25
16.585000 25
16.665000 25
16.745000 25
16.825000 25
16.905000 25
16.985000 25
17.065000 25
17.145000 25
17.225000 25
17.305000 25
17.385000 25
17.465000 25
17.545000 25
17.625000 25
17.705000 25
17.785000 25
17.865000 25
17.945000 25
18.025000 25
18.105000 25
18.185000 25
18.265000 25
18.345000 25
18.425000 25
18.505000 25
18.585000 25
18.665000 25
18.745000 25
18.825000 25
18.905000 25
18.985000 25
19.065000 25
19.145000 25
19.225000 25
19.305000 25
19.385000 25
19.465000 25
19.545000 25
19.625000 25
19.705000 25
19.785000 25
19.865000 25
19.945000 25
20.025000 25
20.105000 25
20.185000 25
20.265000 25
20.345000 25
20.425000 25
20.505000 25
20.585000 25
20.665000 25
20.745000 25
20.825000 25
20.905000 25
20.985000 25
21.065000 25
21.145000 25
21.225000 25
21.305000 25
21.385000 25
21.465000 25
21.545000 25
21.625000 25
21.705000 25
21.785000 25
21.865000 25
21.945000 25
22.025000 25
22.105000 25
22.185000 25
22.265000 25
22.345000 25
22.425000 25
22.505000 25
22.585000 25
22.665000 25
22.745000 25
22.825000 25
22.905000 25
22.985000 25
23.065000 25
23.145000 25
23.225000 25
23.305000 25
23.385000 25
23.465000 25
23.545000 25
23.625000 25
23.705000 25
23.785000 25
23.865000 25
23.945000 25
24.025000 25
24.105000 25
24.185000 25
24.265000 25
24.345000 25
24.425000 25
24.505000 25
24.585000 25
24.665000 25
24.745000 25
24.825000 25
24.905000 25
24.985000 25
25.065000 25
25.145000 25
25.225000 25
25.305000 25
25.385000 25
25.465000 25
25.545000 25
25.625000 25
25.705000 25
25.785000 25
25.865000 25
25.945000 25
26.025000 25
26.105000 25
26.185000 25
26.265000 25
26.345000 25
26.425000 25
26.505000 25
26.585000 25
26.665000 25
26.745000 25
26.825000 25
26.905000 25
26.985000 25
27.065000 25
27.145000 25
27.225000 25
27.305000 25
27.385000 25
27.465000 25
27.545000 25
27.625000 25
27.705000 25
27.785000 25
27.865000 25
27.945000 25
28.025000 25
28.105000 25
28.185000 25
28.265000 25
28.345000 25
28.425000 25
28.505000 25
28.585000 25
28.665000 25
28.745000 25
28.825000 25
28.905000 25
28.985000 25
29.065000 25
29.145000 25
29.225000 25
29.305000 25
29.385000 25
29.465000 25
29.545000 25
29.625000 25
29.705000 25
29.785000 25
29.865000 25
29.945000 25
30.025000 25
30.105000 25
30.185000 25
30.265000 25
30.345000 25
30.425000 25
30.505000 25
30.585000 25
30.665000 25
30.745000 25
30.825000 25
30.905000 25
30.985000 25
31.065000 25
31.145000 25
31.225000 25
31.305000 25
31.385000 25
31.465000 25
31.545000 25
31.625000 25
31.705000 25
31.785000 25
31.865000 25
31.945000 25
32.025000 25
32.105000 25
32.185000 25
32.265000 25
32.345000 25
32.425000 25
32.505000 25
32.585000 25
32.665000 25
32.745000 25
32.825000 25
32.905000 25
32.985000 25
33.065000 25
33.145000 25
33.225000 25
33.305000 25
33.385000 25
33.465000 25
33.545000 25
33.625000 25
33.705000 25
33.785000 25
33.865000 25
33.945000 25
34.025000 25
34.105000 25
34.185000 25
34.265000 25
34.345000 25
34.425000 25
34.505000 25
34.585000 25
34.665000 25
34.745000 25
34.825000 25
34.905000 25
34.985000 25
35.065000 25
35.145000 25
35.225000 25
35.305000 25
35.385000 25
35.465000 25
35.545000 25
35.625000 25
35.705000 25
35.785000 25
35.865000 25
35.945000 25
36.025000 25
36.105000 25
36.185000 25
36.265000 25
36.345000 25
36.425000 25
36.505000 25
36.585000 25
36.665000 25
36.745000 25
36.825000 25
36.905000 25
36.985000 25
37.065000 25
37.145000 25
37.225000 25
37.305000 25
37.385000 25
37.465000 25
37.545000 25
37.625000 25
37.705000 25
37.785000 25
37.865000 25
37.945000 25
38.025000 25
38.105000 25
38.185000 25
38.265000 25
38.345000 25
38.425000 25
38.505000 25
38.585000 25
38.665000 25
38.745000 25
38.825000 25
38.905000 25
38.985000 25
39.065000 25
39.145000 25
39.225000 25
39.305000 25
39.385000 25
39.465000 25
39.545000 25
39.625000 25
39.705000 25
39.785000 25
39.865000 25
39.945000 25
40.025000 25
40.105000 25
40.185000 25
40.265000 25
40.345000 25
40.425000 25
40.505000 25
40.585000 25
40.665000 25
40.745000 25
40.825000 25
40.905000 25
40.985000 25
41.065000 25
41.145000 25
41.225000 25
41.305000 25
41.385000 25
41.465000 25
41.545000 25
41.625000 25
41.705000 25
41.785000 25
41.865000 25
41.945000 25
42.025000 25
42.105000 25
42.185000 25
42.265000 25
42.345000 25
42.425000 25
42.505000 25
42.585000 25
42.665000 25
42.745000 25
42.825000 25
42.905000 25
42.985000 25
43.065000 25
43.145000 25
43.225000 25
43.305000 25
43.385000 25
43.465000 25
43.545000 25
43.625000 25
43.705000 25
43.785000 25
43.865000 25
43.945000 25
44.025000 25
44.105000 25
44.185000 25
44.265000 25
44.345000 25
44.425000 25
44.505000 25
44.585000 25
44.665000 25
44.745000 25
44.825000 25
44.905000 25
44.985000 25
45.065000 25
45.145000 25
45.225000 25
45.305000 25
45.385000 25
45.465000 25
45.545000 25
45.625000 25
45.705000 25
45.785000 25
45.865000 25
45.945000 25
46.025000 25
46.105000 25
46.185000 25
46.265000 25
46.345000 25
46.425000 25
46.505000 25
46.585000 25
46.665000 25
46.745000 25
46.825000 25
46.905000 25
46.985000 25
47.065000 25
47.145000 25
47.225000 25
47.305000 25
47.385000 25
47.465000 25
47.545000 25
47.625000 25
47.705000 25
47.785000 25
47.865000 25
47.945000 25
48.025000 25
48.105000 25
48.185000 25
48.265000 25
48.345000 25
48.425000 25
48.505000 25
48.585000 25
48.665000 25
48.745000 25
48.825000 25
48.905000 25
48.985000 25
49.065000 25
49.145000 25
49.225000 25
49.305000 25
49.385000 25
49.465000 25
49.545000 25
49.625000 25
49.705000 25
49.785000 25
49.865000 25
49.945000 25
50.025000 25
50.105000 25
50.185000 25
50.265000 25
50.345000 25
50.425000 25
50.505000 25
50.585000 25
50.665000 25
50.745000 25
50.825000 25
50.905000 25
50.985000 25
51.065000 25
51.145000 25
51.225000 25
51.305000 25
51.385000 25
51.465000 25
51.545000 25
51.625000 25
51.705000 25
51.785000 25
51.865000 25
51.945000 25
52.025000 25
52.105000 25
52.185000 25
52.265000 25
52.345000 25
52.425000 25
52.505000 25
52.585000 25
52.665000 25
52.745000 25
52.825000 25
52.905000 25
52.985000 25
53.065000 25
53.145000 25
53.225000 25
53.305000 25
53.385000 25
53.465000 25
53.545000 25
53.625000 25
53.705000 25
53.785000 25
53.865000 25
53.945000 25
54.025000 25
54.105000 25
54.185000 25
54.265000 25
54.345000 25
54.425000 25
54.505000 25
54.585000 25
54.665000 25
54.745000 25
54.825000 25
54.905000 25
54.985000 25
55.065000 25
55.145000 25
55.225000 25
55.305000 25
55.385000 25
55.465000 25
55.545000 25
55.625000 25
55.705000 25
55.785000 25
55.865000 25
55.945000 25
56.025000 25
56.105000 25
56.185000 25
56.265000 25
56.345000 25
56.425000 25
56.505000 25
56.585000 25
56.665000 25
56.745000 25
56.825000 25
56.905000 25
56.985000 25
57.065000 25
57.145000 25
57.225000 25
57.305000 25
57.385000 25
57.465000 25
57.545000 25
57.625000 25
57.705000 25
57.785000 25
57.865000 25
57.945000 25
58.025000 25
58.105000 25
58.185000 25
58.265000 25
58.345000 25
58.425000 25
58.505000 25
58.585000 25
58.665000 25
58.745000 25
58.825000 25
58.905000 25
58.985000 25
59.065000 25
59.145000 25
59.225000 25
59.305000 25
59.385000 25
59.465000 25
59.545000 25
59.625000 25
59.705000 25
59.785000 25
59.865000 25
59.945000 25
60.025000 25
60.105000 25
60.185000 25
60.265000 25
60.345000 25
60.425000 25
60.505000 25
60.585000 25
60.665000 25
60.745000 25
60.825000 25
60.905000 25
60.985000 25
61.065000 25
61.145000 25
61.225000 25
61.305000 25
61.385000 25
61.465000 25
61.545000 25
61.625000 25
61.705000 25
61.785000 25
61.865000 25
61.945000 25
62.025000 25
62.105000 25
62.185000 25
62.265000 25
62.345000 25
62.425000 25
62.505000 25
62.585000 25
62.665000 25
62.745000 25
62.825000 25
62.905000 25
62.985000 25
63.065000 25
63.145000 25
63.225000 25
63.305000 25
63.385000 25
63.465000 25
63.545000 25
63.625000 25
63.705000 25
63.785000 25
63.865000 25
63.945000 25
64.025000 25
64.105000 25
64.185000 25
64.265000 25
64.345000 25
64.425000 25
64.505000 25
64.585000 25
64.665000 25
64.745000 25
64.825000 25
64.905000 25
64.985000 25
65.065000 25
65.145000 25
65.225000 25
65.305000 25
65.385000 25
65.465000 25
65.545000 25
65.625000 25
65.705000 25
65.785000 25
65.865000 25
65.945000 25
66.025000 25
66.105000 25
66.185000 25
66.265000 25
66.345000 25
66.425000 25
66.505000 25
66.585000 25
66.665000 25
66.745000 25
66.825000 25
66.905000 25
66.985000 25
67.065000 25
67.145000 25
67.225000 25
67.305000 25
67.385000 25
67.465000 25
67.545000 25
67.625000 25
67.705000 25
67.785000 25
67.865000 25
67.945000 25
68.025000 25
68.105000 25
68.185000 25
68.265000 25
68.345000 25
68.425000 25
68.505000 25
68.585000 25
68.665000 25
68.745000 25
68.825000 25
68.905000 25
68.985000 25
69.065000 25
69.145000 25
69.225000 25
69.305000 25
69.385000 25
69.465000 25
69.545000 25
69.625000 25
69.705000 25
69.785000 25
69.865000 25
69.945000 25
70.025000 25
70.105000 25
70.185000 25
70.265000 25
70.345000 25
70.425000 25
70.505000 25
70.585000 25
70.665000 25
70.745000 25
70.825000 25
70.905000 25
70.985000 25
71.065000 25
71.145000 25
71.225000 25
71.305000 25
71.385000 25
71.465000 25
71.545000 25
71.625000 25
71.705000 25
71.785000 25
71.865000 25
71.945000 25
72.025000 25
72.105000 25
72.185000 25
72.265000 25
72.345000 25
72.425000 25
72.505000 25
72.585000 25
72.665000 25
72.745000 25
72.825000 25
72.905000 25
72.985000 25
73.065000 25
73.145000 25
73.225000 25
73.305000 25
73.385000 25
73.465000 25
73.545000 25
73.625000 25
73.705000 25
73.785000 25
73.865000 25
73.945000 25
74.025000 25
74.105000 25
74.185000 25
74.265000 25
74.345000 25
74.425000 25
74.505000 25
74.585000 25
74.665000 25
74.745000 25
74.825000 25
74.905000 25
74.985000 25
75.065000 25
75.145000 25
75.225000 25
75.305000 25
75.385000 25
75.465000 25
75.545000 25
75.625000 25
75.705000 25
75.785000 25
75.865000 25
75.945000 25
76.025000 25
76.105000 25
76.185000 25
76.265000 25
76.345000 25
76.425000 25
76.505000 25
76.585000 25
76.665000 25
76.745000 25
76.825000 25
76.905000 25
76.985000 25
77.065000 25
77.145000 25
77.225000 25
77.305000 25
77.385000 25
77.465000 25
77.545000 25
77.625000 25
77.705000 25
77.785000 25
77.865000 25
77.945000 25
78.025000 25
78.105000 25
78.185000 25
78.265000 25
78.345000 25
78.425000 25
78.505000 25
78.585000 25
78.665000 25
78.745000 25
78.825000 25
78.905000 25
78.985000 25
79.065000 25
79.145000 25
79.225000 25
79.305000 25
79.385000 25
79.465000 25
79.545000 25
79.625000 25
79.705000 25
79.785000 25
79.865000 25
79.945000 25
80.025000 25
80.105000 25
80.185000 25
80.265000 25
80.345000 25
80.425000 25
80.505000 25
80.585000 25
80.665000 25
80.745000 25
80.825000 25
80.905000 25
80.985000 25
81.065000 25
81.145000 25
81.225000 25
81.305000 25
81.385000 25
81.465000 25
81.545000 25
81.625000 25
81.705000 25
81.785000 25
81.865000 25
81.945000 25
82.025000 25
82.105000 25
82.185000 25
82.265000 25
82.345000 25
82.425000 25
82.505000 25
82.585000 25
82.665000 25
82.745000 25
82.825000 25
82.905000 25
82.985000 25
83.065000 25
83.145000 25
83.225000 25
83.305000 25
83.385000 25
83.465000 25
83.545000 25
83.625000 25
83.705000 25
83.785000 25
83.865000 25
83.945000 25
84.025000 25
84.105000 25
84.185000 25
84.265000 25
84.345000 25
84.425000 25
84.505000 25
84.585000 25
84.665000 25
84.745000 25
84.825000 25
84.905000 25
84.985000 25
85.065000 25
85.145000 25
85.225000 25
85.305000 25
85.385000 25
85.465000 25
85.545000 25
85.625000 25
85.705000 25
85.785000 25
85.865000 25
85.945000 25
86.025000 25
86.105000 25
86.185000 25
86.265000 25
86.345000 25
86.425000 25
86.505000 25
86.585000 25
86.665000 25
86.745000 25
86.825000 25
86.905000 25
86.985000 25
87.065000 25
87.145000 25
87.225000 25
87.305000 25
87.385000 25
87.465000 25
87.545000 25
87.625000 25
87.705000 25
87.785000 25
87.865000 25
87.945000 25
88.025000 25
88.105000 25
88.185000 25
88.265000 25
88.345000 25
88.425000 25
88.505000 25
88.585000 25
88.665000 25
88.745000 25
88.825000 25
88.905000 25
88.985000 25
89.065000 25
89.145000 25
89.225000 25
89.305000 25
89.385000 25
89.465000 25
89.545000 25
89.625000 25
89.705000 25
89.785000 25
89.865000 25
89.945000 25
90.025000 25
90.105000 25
90.185000 25
90.265000 25
90.345000 25
90.425000 25
90.505000 25
90.585000 25
90.665000 25
90.745000 25
90.825000 25
90.905000 25
90.985000 25
91.065000 25
91.145000 25
91.225000 25
91.305000 25
91.385000 25
91.465000 25
91.545000 25
91.625000 25
91.705000 25
91.785000 25
91.865000 25
91.945000 25
92.025000 25
92.105000 25
92.185000 25
92.265000 25
92.345000 25
92.425000 25
92.505000 25
92.585000 25
92.665000 25
92.745000 25
92.825000 25
92.905000 25
92.985000 25
93.065000 25
93.145000 25
93.225000 25
93.305000 25
93.385000 25
93.465000 25
93.545000 25
93.625000 25
93.705000 25
93.785000 25
93.865000 25
93.945000 25
94.025000 25
94.105000 25
94.185000 25
94.265000 25
94.345000 25
94.425000 25
94.505000 25
94.585000 25
94.665000 25
94.745000 25
94.825000 25
94.905000 25
94.985000 25
95.065000 25
95.145000 25
95.225000 25
95.305000 25
95.385000 25
95.465000 25
95.545000 25
95.625000 25
95.705000 25
95.785000 25
95.865000 25
95.945000 25
96.025000 25
96.105000 25
96.185000 25
96.265000 25
96.345000 25
96.425000 25
96.505000 25
96.585000 25
96.665000 25
96.745000 25
96.825000 25
96.905000 25
96.985000 25
97.065000 25
97.145000 25
97.225000 25
97.305000 25
97.385000 25
97.465000 25
97.545000 25
97.625000 25
97.705000 25
97.785000 25
97.865000 25
97.945000 25
98.025000 25
98.105000 25
98.185000 25
98.265000 25
98.345000 25
98.425000 25
98.505000 25
98.585000 25
98.665000 25
98.745000 25
98.825000 25
98.905000 25
98.985000 25
99.065000 25
99.145000 25
99.225000 25
99.305000 25
99.385000 25
99.465000 25
99.545000 25
99.625000 25
99.705000 25
99.785000 25
99.865000 25
99.945000 25
100.025000 25
100.105000 25
100.185000 25
100.265000 25
100.345000 25
100.425000 25
100.505000 25
100.585000 25
100.665000 25
100.745000 25
100.825000 25
100.905000 25
100.985000 25
101.065000 25
101.145000 25
101.225000 25
101.305000 25
101.385000 25
101.465000 25
101.545000 25
101.625000 25
101.705000 25
101.785000 25
101.865000 25
101.945000 25
102.025000 25
102.105000 25
102.185000 25
102.265000 25
102.345000 25
102.425000 25
102.505000 25
102.585000 25
102.665000 25
102.745000 25
102.825000 25
102.905000 25
102.985000 25
103.065000 25
103.145000 25
103.225000 25
103.305000 25
103.385000 25
103.465000 25
103.545000 25
103.625000 25
103.705000 25
103.785000 25
103.865000 25
103.945000 25
104.025000 25
104.105000 25
104.185000 25
104.265000 25
104.345000 25
104.425000 25
104.505000 25
104.585000 25
104.665000 25
104.745000 25
104.825000 25
104.905000 25
104.985000 25
105.065000 25
105.145000 25
105.225000 25
105.305000 25
105.385000 25
105.465000 25
105.545000 25
105.625000 25
105.705000 25
105.785000 25
105.865000 25
105.945000 25
106.025000 25
106.105000 25
106.185000 25
106.265000 25
106.345000 25
106.425000 25
106.505000 25
106.585000 25
106.665000 25
106.745000 25
106.825000 25
106.905000 25
106.985000 25
107.065000 25
107.145000 25
107.225000 25
107.305000 25
107.385000 25
107.465000 25
107.545000 25
107.625000 25
107.705000 25
107.785000 25
107.865000 25
107.945000 25
108.025000 25
108.105000 25
108.185000 25
108.265000 25
108.345000 25
108.425000 25
108.505000 25
108.585000 25
108.665000 25
108.745000 25
108.825000 25
108.905000 25
108.985000 25
109.065000 25
109.145000 25
109.225000 25
109.305000 25
109.385000 25
109.465000 25
109.545000 25
109.625000 25
109.705000 25
109.785000 25
109.865000 25
109.945000 25
110.025000 25
110.105000 25
110.185000 25
110.265000 25
110.345000 25
110.425000 25
110.505000 25
110.585000 25
110.665000 25
110.745000 25
110.825000 25
110.905000 25
110.985000 25
111.065000 25
111.145000 25
111.225000 25
111.305000 25
111.385000 25
111.465000 25
111.545000 25
111.625000 25
111.705000 25
111.785000 25
111.865000 25
111.945000 25
112.025000 25
112.105000 25
112.185000 25
112.265000 25
112.345000 25
112.425000 25
112.505000 25
112.585000 25
112.665000 25
112.745000 25
112.825000 25
112.905000 25
112.985000 25
113.065000 25
113.145000 25
113.225000 25
113.305000 25
113.385000 25
113.465000 25
113.545000 25
113.625000 25
113.705000 25
113.785000 25
113.865000 25
113.945000 25
114.025000 25
114.105000 25
114.185000 25
114.265000 25
114.345000 25
114.425000 25
114.505000 25
114.585000 25
114.665000 25
114.745000 25
114.825000 25
114.905000 25
114.985000 25
115.065000 25
115.145000 25
115.225000 25
115.305000 25
115.385000 25
115.465000 25
115.545000 25
115.625000 25
115.705000 25
115.785000 25
115.865000 25
115.945000 25
116.025000 25
116.105000 25
116.185000 25
116.265000 25
116.345000 25
116.425000 25
116.505000 25
116.585000 25
116.665000 25
116.745000 25
116.825000 25
116.905000 25
116.985000 25
117.065000 25
117.145000 25
117.225000 25
117.305000 25
117.385000 25
117.465000 25
117.545000 25
117.625000 25
117.705000 25
117.785000 25
117.865000 25
117.945000 25
118.025000 25
118.105000 25
118.185000 25
118.265000 25
118.345000 25
118.425000 25
118.505000 25
118.585000 25
118.665000 25
118.745000 25
118.825000 25
118.905000 25
118.985000 25
119.065000 25
119.145000 25
119.225000 25
119.305000 25
119.385000 25
119.465000 25
119.545000 25
119.625000 25
119.705000 25
119.785000 25
119.865000 25
119.945000 25
120.025000 25
120.105000 25
120.185000 25
120.265000 25
120.345000 25
120.425000 25
120.505000 25
120.585000 25
120.665000 25
120.745000 25
120.825000 25
120.905000 25
120.985000 25
121.065000 25
121.145000 25
121.225000 25
121.305000 25
121.385000 25
121.465000 25
121.545000 25
121.625000 25
121.705000 25
121.785000 25
121.865000 25
121.945000 25
122.025000 25
122.105000 25
122.185000 25
122.265000 25
122.345000 25
122.425000 25
122.505000 25
122.585000 25
122.665000 25
122.745000 25
122.825000 25
122.905000 25
122.985000 25
123.065000 25
123.145000 25
123.225000 25
123.305000 25
123.385000 25
123.465000 25
123.545000 25
123.625000 25
123.705000 25
123.785000 25
123.865000 25
123.945000 25
124.025000 25
124.105000 25
124.185000 25
124.265000 25
124.345000 25
124.425000 25
124.505000 25
124.585000 25
124.665000 25
124.745000 25
124.825000 25
124.905000 25
124.985000 25
125.065000 25
125.145000 25
125.225000 25
125.305000 25
125.385000 25
125.465000 25
125.545000 25
125.625000 25
125.705000 25
