0.020000 20
0.105000 20
0.190000 20
0.275000 20
0.360000 20
0.445000 20
0.530000 20
0.615000 20
0.700000 20
0.785000 20
0.870000 20
0.955000 20
1.040000 20
1.125000 20
1.210000 20
1.295000 20
1.380000 20
1.465000 20
1.550000 20
1.635000 20
1.720000 20
1.805000 20
1.890000 20
1.975000 20
2.060000 20
2.145000 20
2.230000 20
2.315000 20
2.400000 20
2.485000 20
2.570000 20
2.655000 20
2.740000 20
2.825000 20
2.910000 20
2.995000 20
3.080000 20
3.165000 20
3.250000 20
3.335000 20
3.420000 20
3.505000 20
3.590000 20
3.675000 20
3.760000 20
3.845000 20
3.930000 20
4.015000 20
4.100000 20
4.185000 20
4.270000 20
4.355000 20
4.440000 20
4.525000 20
4.610000 20
4.695000 20
4.780000 20
4.865000 20
4.950000 20
5.035000 20
5.120000 20
5.205000 20
5.290000 20
5.375000 20
5.460000 20
5.545000 20
5.630000 20
5.715000 20
5.800000 20
5.885000 20
5.970000 20
6.055000 20
6.140000 20
6.225000 20
6.310000 20
6.395000 20
6.480000 20
6.565000 20
6.650000 20
6.735000 20
6.820000 20
6.905000 20
6.990000 20
7.075000 20
7.160000 20
7.245000 20
7.330000 20
7.415000 20
7.500000 20
7.585000 20
7.670000 20
7.755000 20
7.840000 20
7.925000 20
8.010000 20
8.095000 20
8.180000 20
8.265000 20
8.350000 20
8.435000 20
8.520000 20
8.605000 20
8.690000 20
8.775000 20
8.860000 20
8.945000 20
9.030000 20
9.115000 20
9.200000 20
9.285000 20
9.370000 20
9.455000 20
9.540000 20
9.625000 20
9.710000 20
9.795000 20
9.880000 20
9.965000 20
10.050000 20
10.135000 20
10.220000 20
10.305000 20
10.390000 20
10.475000 20
10.560000 20
10.645000 20
10.730000 20
10.815000 20
10.900000 20
10.985000 20
11.070000 20
11.155000 20
11.240000 20
11.325000 20
11.410000 20
11.495000 20
11.580000 20
11.665000 20
11.750000 20
11.835000 20
11.920000 20
12.005000 20
12.090000 20
12.175000 20
12.260000 20
12.345000 20
12.430000 20
12.515000 20
12.600000 20
12.685000 20
12.770000 20
12.855000 20
12.940000 20
13.025000 20
13.110000 20
13.195000 20
13.280000 20
13.365000 20
13.450000 20
13.535000 20
13.620000 20
13.705000 20
13.790000 20
13.875000 20
13.960000 20
14.045000 20
14.130000 20
14.215000 20
14.300000 20
14.385000 20
14.470000 20
14.555000 20
14.640000 20
14.725000 20
14.810000 20
14.895000 20
14.980000 20
15.065000 20
15.150000 20
15.235000 20
15.320000 20
15.405000 20
15.490000 20
15.575000 20
15.660000 20
15.745000 20
15.830000 20
15.915000 20
16.000000 20
16.085000 20
16.170000 20
16.255000 20
16.340000 20
16.425000 20
16.510000 20
16.595000 20
16.680000 20
16.765000 20
16.850000 20
16.935000 20
17.020000 20
17.105000 20
17.190000 20
17.275000 20
17.360000 20
17.445000 20
17.530000 20
17.615000 20
17.700000 20
17.785000 20
17.870000 20
17.955000 20
18.040000 20
18.125000 20
18.210000 20
18.295000 20
18.380000 20
18.465000 20
18.550000 20
18.635000 20
18.720000 20
18.805000 20
18.890000 20
18.975000 20
19.060000 20
19.145000 20
19.230000 20
19.315000 20
19.400000 20
19.485000 20
19.570000 20
19.655000 20
19.740000 20
19.825000 20
19.910000 20
19.995000 20
20.080000 20
20.165000 20
20.250000 20
20.335000 20
20.420000 20
20.505000 20
20.590000 20
20.675000 20
20.760000 20
20.845000 20
20.930000 20
21.015000 20
21.100000 20
21.185000 20
21.270000 20
21.355000 20
21.440000 20
21.525000 20
21.610000 20
21.695000 20
21.780000 20
21.865000 20
21.950000 20
22.035000 20
22.120000 20
22.205000 20
22.290000 20
22.375000 20
22.460000 20
22.545000 20
22.630000 20
22.715000 20
22.800000 20
22.885000 20
22.970000 20
23.055000 20
23.140000 20
23.225000 20
23.310000 20
23.395000 20
23.480000 20
23.565000 20
23.650000 20
23.735000 20
23.820000 20
23.905000 20
23.990000 20
24.075000 20
24.160000 20
24.245000 20
24.330000 20
24.415000 20
24.500000 20
24.585000 20
24.670000 20
24.755000 20
24.840000 20
24.925000 20
25.010000 20
25.095000 20
25.180000 20
25.265000 20
25.350000 20
25.435000 20
25.520000 20
25.605000 20
25.690000 20
25.775000 20
25.860000 20
25.945000 20
26.030000 20
26.115000 20
26.200000 20
26.285000 20
26.370000 20
26.455000 20
26.540000 20
26.625000 20
26.710000 20
26.795000 20
26.880000 20
26.965000 20
27.050000 20
27.135000 20
27.220000 20
27.305000 20
27.390000 20
27.475000 20
27.560000 20
27.645000 20
27.730000 20
27.815000 20
27.900000 20
27.985000 20
28.070000 20
28.155000 20
28.240000 20
28.325000 20
28.410000 20
28.495000 20
28.580000 20
28.665000 20
28.750000 20
28.835000 20
28.920000 20
29.005000 20
29.090000 20
29.175000 20
29.260000 20
29.345000 20
29.430000 20
29.515000 20
29.600000 20
29.685000 20
29.770000 20
29.855000 20
29.940000 20
30.025000 20
30.110000 20
30.195000 20
30.280000 20
30.365000 20
30.450000 20
30.535000 20
30.620000 20
30.705000 20
30.790000 20
30.875000 20
30.960000 20
31.045000 20
31.130000 20
31.215000 20
31.300000 20
31.385000 20
31.470000 20
31.555000 20
31.640000 20
31.725000 20
31.810000 20
31.895000 20
31.980000 20
32.065000 20
32.150000 20
32.235000 20
32.320000 20
32.405000 20
32.490000 20
32.575000 20
32.660000 20
32.745000 20
32.830000 20
32.915000 20
33.000000 20
33.085000 20
33.170000 20
33.255000 20
33.340000 20
33.425000 20
33.510000 20
33.595000 20
33.680000 20
33.765000 20
33.850000 20
33.935000 20
34.020000 20
34.105000 20
34.190000 20
34.275000 20
34.360000 20
34.445000 20
34.530000 20
34.615000 20
34.700000 20
34.785000 20
34.870000 20
34.955000 20
35.040000 20
35.125000 20
35.210000 20
35.295000 20
35.380000 20
35.465000 20
35.550000 20
35.635000 20
35.720000 20
35.805000 20
35.890000 20
35.975000 20
36.060000 20
36.145000 20
36.230000 20
36.315000 20
36.400000 20
36.485000 20
36.570000 20
36.655000 20
36.740000 20
36.825000 20
36.910000 20
36.995000 20
37.080000 20
37.165000 20
37.250000 20
37.335000 20
37.420000 20
37.505000 20
37.590000 20
37.675000 20
37.760000 20
37.845000 20
37.930000 20
38.015000 20
38.100000 20
38.185000 20
38.270000 20
38.355000 20
38.440000 20
38.525000 20
38.610000 20
38.695000 20
38.780000 20
38.865000 20
38.950000 20
39.035000 20
39.120000 20
39.205000 20
39.290000 20
39.375000 20
39.460000 20
39.545000 20
39.630000 20
39.715000 20
39.800000 20
39.885000 20
39.970000 20
40.055000 20
40.140000 20
40.225000 20
40.310000 20
40.395000 20
40.480000 20
40.565000 20
40.650000 20
40.735000 20
40.820000 20
40.905000 20
40.990000 20
41.075000 20
41.160000 20
41.245000 20
41.330000 20
41.415000 20
41.500000 20
41.585000 20
41.670000 20
41.755000 20
41.840000 20
41.925000 20
42.010000 20
42.095000 20
42.180000 20
42.265000 20
42.350000 20
42.435000 20
42.520000 20
42.605000 20
42.690000 20
42.775000 20
42.860000 20
42.945000 20
43.030000 20
43.115000 20
43.200000 20
43.285000 20
43.370000 20
43.455000 20
43.540000 20
43.625000 20
43.710000 20
43.795000 20
43.880000 20
43.965000 20
44.050000 20
44.135000 20
44.220000 20
44.305000 20
44.390000 20
44.475000 20
44.560000 20
44.645000 20
44.730000 20
44.815000 20
44.900000 20
44.985000 20
45.070000 20
45.155000 20
45.240000 20
45.325000 20
45.410000 20
45.495000 20
45.580000 20
45.665000 20
45.750000 20
45.835000 20
45.920000 20
46.005000 20
46.090000 20
46.175000 20
46.260000 20
46.345000 20
46.430000 20
46.515000 20
46.600000 20
46.685000 20
46.770000 20
46.855000 20
46.940000 20
47.025000 20
47.110000 20
47.195000 20
47.280000 20
47.365000 20
47.450000 20
47.535000 20
47.620000 20
47.705000 20
47.790000 20
47.875000 20
47.960000 20
48.045000 20
48.130000 20
48.215000 20
48.300000 20
48.385000 20
48.470000 20
48.555000 20
48.640000 20
48.725000 20
48.810000 20
48.895000 20
48.980000 20
49.065000 20
49.150000 20
49.235000 20
49.320000 20
49.405000 20
49.490000 20
49.575000 20
49.660000 20
49.745000 20
49.830000 20
49.915000 20
50.000000 20
50.085000 20
50.170000 20
50.255000 20
50.340000 20
50.425000 20
50.510000 20
50.595000 20
50.680000 20
50.765000 20
50.850000 20
50.935000 20
51.020000 20
51.105000 20
51.190000 20
51.275000 20
51.360000 20
51.445000 20
51.530000 20
51.615000 20
51.700000 20
51.785000 20
51.870000 20
51.955000 20
52.040000 20
52.125000 20
52.210000 20
52.295000 20
52.380000 20
52.465000 20
52.550000 20
52.635000 20
52.720000 20
52.805000 20
52.890000 20
52.975000 20
53.060000 20
53.145000 20
53.230000 20
53.315000 20
53.400000 20
53.485000 20
53.570000 20
53.655000 20
53.740000 20
53.825000 20
53.910000 20
53.995000 20
54.080000 20
54.165000 20
54.250000 20
54.335000 20
54.420000 20
54.505000 20
54.590000 20
54.675000 20
54.760000 20
54.845000 20
54.930000 20
55.015000 20
55.100000 20
55.185000 20
55.270000 20
55.355000 20
55.440000 20
55.525000 20
55.610000 20
55.695000 20
55.780000 20
55.865000 20
55.950000 20
56.035000 20
56.120000 20
56.205000 20
56.290000 20
56.375000 20
56.460000 20
56.545000 20
56.630000 20
56.715000 20
56.800000 20
56.885000 20
56.970000 20
57.055000 20
57.140000 20
57.225000 20
57.310000 20
57.395000 20
57.480000 20
57.565000 20
57.650000 20
57.735000 20
57.820000 20
57.905000 20
57.990000 20
58.075000 20
58.160000 20
58.245000 20
58.330000 20
58.415000 20
58.500000 20
58.585000 20
58.670000 20
58.755000 20
58.840000 20
58.925000 20
59.010000 20
59.095000 20
59.180000 20
59.265000 20
59.350000 20
59.435000 20
59.520000 20
59.605000 20
59.690000 20
59.775000 20
59.860000 20
59.945000 20
60.030000 20
60.115000 20
60.200000 20
60.285000 20
60.370000 20
60.455000 20
60.540000 20
60.625000 20
60.710000 20
60.795000 20
60.880000 20
60.965000 20
61.050000 20
61.135000 20
61.220000 20
61.305000 20
61.390000 20
61.475000 20
61.560000 20
61.645000 20
61.730000 20
61.815000 20
61.900000 20
61.985000 20
62.070000 20
62.155000 20
62.240000 20
62.325000 20
62.410000 20
62.495000 20
62.580000 20
62.665000 20
62.750000 20
62.835000 20
62.920000 20
63.005000 20
63.090000 20
63.175000 20
63.260000 20
63.345000 20
63.430000 20
63.515000 20
63.600000 20
63.685000 20
63.770000 20
63.855000 20
63.940000 20
64.025000 20
64.110000 20
64.195000 20
64.280000 20
64.365000 20
64.450000 20
64.535000 20
64.620000 20
64.705000 20
64.790000 20
64.875000 20
64.960000 20
65.045000 20
65.130000 20
65.215000 20
65.300000 20
65.385000 20
65.470000 20
65.555000 20
65.640000 20
65.725000 20
65.810000 20
65.895000 20
65.980000 20
66.065000 20
66.150000 20
66.235000 20
66.320000 20
66.405000 20
66.490000 20
66.575000 20
66.660000 20
66.745000 20
66.830000 20
66.915000 20
67.000000 20
67.085000 20
67.170000 20
67.255000 20
67.340000 20
67.425000 20
67.510000 20
67.595000 20
67.680000 20
67.765000 20
67.850000 20
67.935000 20
68.020000 20
68.105000 20
68.190000 20
68.275000 20
68.360000 20
68.445000 20
68.530000 20
68.615000 20
68.700000 20
68.785000 20
68.870000 20
68.955000 20
69.040000 20
69.125000 20
69.210000 20
69.295000 20
69.380000 20
69.465000 20
69.550000 20
69.635000 20
69.720000 20
69.805000 20
69.890000 20
69.975000 20
70.060000 20
70.145000 20
70.230000 20
70.315000 20
70.400000 20
70.485000 20
70.570000 20
70.655000 20
70.740000 20
70.825000 20
70.910000 20
70.995000 20
71.080000 20
71.165000 20
71.250000 20
71.335000 20
71.420000 20
71.505000 20
71.590000 20
71.675000 20
71.760000 20
71.845000 20
71.930000 20
72.015000 20
72.100000 20
72.185000 20
72.270000 20
72.355000 20
72.440000 20
72.525000 20
72.610000 20
72.695000 20
72.780000 20
72.865000 20
72.950000 20
73.035000 20
73.120000 20
73.205000 20
73.290000 20
73.375000 20
73.460000 20
73.545000 20
73.630000 20
73.715000 20
73.800000 20
73.885000 20
73.970000 20
74.055000 20
74.140000 20
74.225000 20
74.310000 20
74.395000 20
74.480000 20
74.565000 20
74.650000 20
74.735000 20
74.820000 20
74.905000 20
74.990000 20
75.075000 20
75.160000 20
75.245000 20
75.330000 20
75.415000 20
75.500000 20
75.585000 20
75.670000 20
75.755000 20
75.840000 20
75.925000 20
76.010000 20
76.095000 20
76.180000 20
76.265000 20
76.350000 20
76.435000 20
76.520000 20
76.605000 20
76.690000 20
76.775000 20
76.860000 20
76.945000 20
77.030000 20
77.115000 20
77.200000 20
77.285000 20
77.370000 20
77.455000 20
77.540000 20
77.625000 20
77.710000 20
77.795000 20
77.880000 20
77.965000 20
78.050000 20
78.135000 20
78.220000 20
78.305000 20
78.390000 20
78.475000 20
78.560000 20
78.645000 20
78.730000 20
78.815000 20
78.900000 20
78.985000 20
79.070000 20
79.155000 20
79.240000 20
79.325000 20
79.410000 20
79.495000 20
79.580000 20
79.665000 20
79.750000 20
79.835000 20
79.920000 20
80.005000 20
80.090000 20
80.175000 20
80.260000 20
80.345000 20
80.430000 20
80.515000 20
80.600000 20
80.685000 20
80.770000 20
80.855000 20
80.940000 20
81.025000 20
81.110000 20
81.195000 20
81.280000 20
81.365000 20
81.450000 20
81.535000 20
81.620000 20
81.705000 20
81.790000 20
81.875000 20
81.960000 20
82.045000 20
82.130000 20
82.215000 20
82.300000 20
82.385000 20
82.470000 20
82.555000 20
82.640000 20
82.725000 20
82.810000 20
82.895000 20
82.980000 20
83.065000 20
83.150000 20
83.235000 20
83.320000 20
83.405000 20
83.490000 20
83.575000 20
83.660000 20
83.745000 20
83.830000 20
83.915000 20
84.000000 20
84.085000 20
84.170000 20
84.255000 20
84.340000 20
84.425000 20
84.510000 20
84.595000 20
84.680000 20
84.765000 20
84.850000 20
84.935000 20
85.020000 20
85.105000 20
85.190000 20
85.275000 20
85.360000 20
85.445000 20
85.530000 20
85.615000 20
85.700000 20
85.785000 20
85.870000 20
85.955000 20
86.040000 20
86.125000 20
86.210000 20
86.295000 20
86.380000 20
86.465000 20
86.550000 20
86.635000 20
86.720000 20
86.805000 20
86.890000 20
86.975000 20
87.060000 20
87.145000 20
87.230000 20
87.315000 20
87.400000 20
87.485000 20
87.570000 20
87.655000 20
87.740000 20
87.825000 20
87.910000 20
87.995000 20
88.080000 20
88.165000 20
88.250000 20
88.335000 20
88.420000 20
88.505000 20
88.590000 20
88.675000 20
88.760000 20
88.845000 20
88.930000 20
89.015000 20
89.100000 20
89.185000 20
89.270000 20
89.355000 20
89.440000 20
89.525000 20
89.610000 20
89.695000 20
89.780000 20
89.865000 20
89.950000 20
90.035000 20
90.120000 20
90.205000 20
90.290000 20
90.375000 20
90.460000 20
90.545000 20
90.630000 20
90.715000 20
90.800000 20
90.885000 20
90.970000 20
91.055000 20
91.140000 20
91.225000 20
91.310000 20
91.395000 20
91.480000 20
91.565000 20
91.650000 20
91.735000 20
91.820000 20
91.905000 20
91.990000 20
92.075000 20
92.160000 20
92.245000 20
92.330000 20
92.415000 20
92.500000 20
92.585000 20
92.670000 20
92.755000 20
92.840000 20
92.925000 20
93.010000 20
93.095000 20
93.180000 20
93.265000 20
93.350000 20
93.435000 20
93.520000 20
93.605000 20
93.690000 20
93.775000 20
93.860000 20
93.945000 20
94.030000 20
94.115000 20
94.200000 20
94.285000 20
94.370000 20
94.455000 20
94.540000 20
94.625000 20
94.710000 20
94.795000 20
94.880000 20
94.965000 20
95.050000 20
95.135000 20
95.220000 20
95.305000 20
95.390000 20
95.475000 20
95.560000 20
95.645000 20
95.730000 20
95.815000 20
95.900000 20
95.985000 20
96.070000 20
96.155000 20
96.240000 20
96.325000 20
96.410000 20
96.495000 20
96.580000 20
96.665000 20
96.750000 20
96.835000 20
96.920000 20
97.005000 20
97.090000 20
97.175000 20
97.260000 20
97.345000 20
97.430000 20
97.515000 20
97.600000 20
97.685000 20
97.770000 20
97.855000 20
97.940000 20
98.025000 20
98.110000 20
98.195000 20
98.280000 20
98.365000 20
98.450000 20
98.535000 20
98.620000 20
98.705000 20
98.790000 20
98.875000 20
98.960000 20
99.045000 20
99.130000 20
99.215000 20
99.300000 20
99.385000 20
99.470000 20
99.555000 20
99.640000 20
99.725000 20
99.810000 20
99.895000 20
99.980000 20
100.065000 20
100.150000 20
100.235000 20
100.320000 20
100.405000 20
100.490000 20
100.575000 20
100.660000 20
100.745000 20
100.830000 20
100.915000 20
101.000000 20
101.085000 20
101.170000 20
101.255000 20
101.340000 20
101.425000 20
101.510000 20
101.595000 20
101.680000 20
101.765000 20
101.850000 20
101.935000 20
102.020000 20
102.105000 20
102.190000 20
102.275000 20
102.360000 20
102.445000 20
102.530000 20
102.615000 20
102.700000 20
102.785000 20
102.870000 20
102.955000 20
103.040000 20
103.125000 20
103.210000 20
103.295000 20
103.380000 20
103.465000 20
103.550000 20
103.635000 20
103.720000 20
103.805000 20
103.890000 20
103.975000 20
104.060000 20
104.145000 20
104.230000 20
104.315000 20
104.400000 20
104.485000 20
104.570000 20
104.655000 20
104.740000 20
104.825000 20
104.910000 20
104.995000 20
105.080000 20
105.165000 20
105.250000 20
105.335000 20
105.420000 20
105.505000 20
105.590000 20
105.675000 20
105.760000 20
105.845000 20
105.930000 20
106.015000 20
106.100000 20
106.185000 20
106.270000 20
106.355000 20
106.440000 20
106.525000 20
106.610000 20
106.695000 20
106.780000 20
106.865000 20
106.950000 20
107.035000 20
107.120000 20
107.205000 20
107.290000 20
107.375000 20
107.460000 20
107.545000 20
107.630000 20
107.715000 20
107.800000 20
107.885000 20
107.970000 20
108.055000 20
108.140000 20
108.225000 20
108.310000 20
108.395000 20
108.480000 20
108.565000 20
108.650000 20
108.735000 20
108.820000 20
108.905000 20
108.990000 20
109.075000 20
109.160000 20
109.245000 20
109.330000 20
109.415000 20
109.500000 20
109.585000 20
109.670000 20
109.755000 20
109.840000 20
109.925000 20
110.010000 20
110.095000 20
110.180000 20
110.265000 20
110.350000 20
110.435000 20
110.520000 20
110.605000 20
110.690000 20
110.775000 20
110.860000 20
110.945000 20
111.030000 20
111.115000 20
111.200000 20
111.285000 20
111.370000 20
111.455000 20
111.540000 20
111.625000 20
111.710000 20
111.795000 20
111.880000 20
111.965000 20
112.050000 20
112.135000 20
112.220000 20
112.305000 20
112.390000 20
112.475000 20
112.560000 20
112.645000 20
112.730000 20
112.815000 20
112.900000 20
112.985000 20
113.070000 20
113.155000 20
113.240000 20
113.325000 20
113.410000 20
113.495000 20
113.580000 20
113.665000 20
113.750000 20
113.835000 20
113.920000 20
114.005000 20
114.090000 20
114.175000 20
114.260000 20
114.345000 20
114.430000 20
114.515000 20
114.600000 20
114.685000 20
114.770000 20
114.855000 20
114.940000 20
115.025000 20
115.110000 20
115.195000 20
115.280000 20
115.365000 20
115.450000 20
115.535000 20
115.620000 20
115.705000 20
115.790000 20
115.875000 20
115.960000 20
116.045000 20
116.130000 20
116.215000 20
116.300000 20
116.385000 20
116.470000 20
116.555000 20
116.640000 20
116.725000 20
116.810000 20
116.895000 20
116.980000 20
117.065000 20
117.150000 20
117.235000 20
117.320000 20
117.405000 20
117.490000 20
117.575000 20
117.660000 20
117.745000 20
117.830000 20
117.915000 20
118.000000 20
118.085000 20
118.170000 20
118.255000 20
118.340000 20
118.425000 20
118.510000 20
118.595000 20
118.680000 20
118.765000 20
118.850000 20
118.935000 20
119.020000 20
119.105000 20
119.190000 20
119.275000 20
119.360000 20
119.445000 20
119.530000 20
119.615000 20
119.700000 20
119.785000 20
119.870000 20
119.955000 20
120.040000 20
120.125000 20
120.210000 20
120.295000 20
120.380000 20
120.465000 20
120.550000 20
120.635000 20
120.720000 20
120.805000 20
120.890000 20
120.975000 20
121.060000 20
121.145000 20
121.230000 20
121.315000 20
121.400000 20
121.485000 20
121.570000 20
121.655000 20
121.740000 20
121.825000 20
121.910000 20
121.995000 20
122.080000 20
122.165000 20
122.250000 20
122.335000 20
122.420000 20
122.505000 20
122.590000 20
122.675000 20
122.760000 20
122.845000 20
122.930000 20
123.015000 20
123.100000 20
123.185000 20
123.270000 20
123.355000 20
123.440000 20
123.525000 20
123.610000 20
123.695000 20
123.780000 20
123.865000 20
123.950000 20
124.035000 20
124.120000 20
124.205000 20
124.290000 20
124.375000 20
124.460000 20
124.545000 20
124.630000 20
124.715000 20
124.800000 20
124.885000 20
124.970000 20
125.055000 20
125.140000 20
125.225000 20
125.310000 20
125.395000 20
125.480000 20
125.565000 20
125.650000 20
125.735000 20
