0.030000 30
0.064000 30
0.098000 30
0.132000 30
0.166000 30
0.200000 30
0.234000 30
0.268000 30
0.302000 30
0.336000 30
0.370000 30
0.404000 30
0.438000 30
0.472000 30
0.506000 30
0.540000 30
0.574000 30
0.608000 30
0.642000 30
0.676000 30
0.710000 30
0.744000 30
0.778000 30
0.812000 30
0.846000 30
0.880000 30
0.914000 30
0.948000 30
0.982000 30
1.016000 30
1.050000 30
1.084000 30
1.118000 30
1.152000 30
1.186000 30
1.220000 30
1.254000 30
1.288000 30
1.322000 30
1.356000 30
1.390000 30
1.424000 30
1.458000 30
1.492000 30
1.526000 30
1.560000 30
1.594000 30
1.628000 30
1.662000 30
1.696000 30
1.730000 30
1.764000 30
1.798000 30
1.832000 30
1.866000 30
1.900000 30
1.934000 30
1.968000 30
2.002000 30
2.036000 30
2.070000 30
2.104000 30
2.138000 30
2.172000 30
2.206000 30
2.240000 30
2.274000 30
2.308000 30
2.342000 30
2.376000 30
2.410000 30
2.444000 30
2.478000 30
2.512000 30
2.546000 30
2.580000 30
2.614000 30
2.648000 30
2.682000 30
2.716000 30
2.750000 30
2.784000 30
2.818000 30
2.852000 30
2.886000 30
2.920000 30
2.954000 30
2.988000 30
3.022000 30
3.056000 30
3.090000 30
3.124000 30
3.158000 30
3.192000 30
3.226000 30
3.260000 30
3.294000 30
3.328000 30
3.362000 30
3.396000 30
3.430000 30
3.464000 30
3.498000 30
3.532000 30
3.566000 30
3.600000 30
3.634000 30
3.668000 30
3.702000 30
3.736000 30
3.770000 30
3.804000 30
3.838000 30
3.872000 30
3.906000 30
3.940000 30
3.974000 30
4.008000 30
4.042000 30
4.076000 30
4.110000 30
4.144000 30
4.178000 30
4.212000 30
4.246000 30
4.280000 30
4.314000 30
4.348000 30
4.382000 30
4.416000 30
4.450000 30
4.484000 30
4.518000 30
4.552000 30
4.586000 30
4.620000 30
4.654000 30
4.688000 30
4.722000 30
4.756000 30
4.790000 30
4.824000 30
4.858000 30
4.892000 30
4.926000 30
4.960000 30
4.994000 30
5.028000 30
5.062000 30
5.096000 30
5.130000 30
5.164000 30
5.198000 30
5.232000 30
5.266000 30
5.300000 30
5.334000 30
5.368000 30
5.402000 30
5.436000 30
5.470000 30
5.504000 30
5.538000 30
5.572000 30
5.606000 30
5.640000 30
5.674000 30
5.708000 30
5.742000 30
5.776000 30
5.810000 30
5.844000 30
5.878000 30
5.912000 30
5.946000 30
5.980000 30
6.014000 30
6.048000 30
6.082000 30
6.116000 30
6.150000 30
6.184000 30
6.218000 30
6.252000 30
6.286000 30
6.320000 30
6.354000 30
6.388000 30
6.422000 30
6.456000 30
6.490000 30
6.524000 30
6.558000 30
6.592000 30
6.626000 30
6.660000 30
6.694000 30
6.728000 30
6.762000 30
6.796000 30
6.830000 30
6.864000 30
6.898000 30
6.932000 30
6.966000 30
7.000000 30
7.034000 30
7.068000 30
7.102000 30
7.136000 30
7.170000 30
7.204000 30
7.238000 30
7.272000 30
7.306000 30
7.340000 30
7.374000 30
7.408000 30
7.442000 30
7.476000 30
7.510000 30
7.544000 30
7.578000 30
7.612000 30
7.646000 30
7.680000 30
7.714000 30
7.748000 30
7.782000 30
7.816000 30
7.850000 30
7.884000 30
7.918000 30
7.952000 30
7.986000 30
8.020000 30
8.054000 30
8.088000 30
8.122000 30
8.156000 30
8.190000 30
8.224000 30
8.258000 30
8.292000 30
8.326000 30
8.360000 30
8.394000 30
8.428000 30
8.462000 30
8.496000 30
8.530000 30
8.564000 30
8.598000 30
8.632000 30
8.666000 30
8.700000 30
8.734000 30
8.768000 30
8.802000 30
8.836000 30
8.870000 30
8.904000 30
8.938000 30
8.972000 30
9.006000 30
9.040000 30
9.074000 30
9.108000 30
9.142000 30
9.176000 30
9.210000 30
9.244000 30
9.278000 30
9.312000 30
9.346000 30
9.380000 30
9.414000 30
9.448000 30
9.482000 30
9.516000 30
9.550000 30
9.584000 30
9.618000 30
9.652000 30
9.686000 30
9.720000 30
9.754000 30
9.788000 30
9.822000 30
9.856000 30
9.890000 30
9.924000 30
9.958000 30
9.992000 30
10.026000 30
10.060000 30
10.094000 30
10.128000 30
10.162000 30
10.196000 30
10.230000 30
10.264000 30
10.298000 30
10.332000 30
10.366000 30
10.400000 30
10.434000 30
10.468000 30
10.502000 30
10.536000 30
10.570000 30
10.604000 30
10.638000 30
10.672000 30
10.706000 30
10.740000 30
10.774000 30
10.808000 30
10.842000 30
10.876000 30
10.910000 30
10.944000 30
10.978000 30
11.012000 30
11.046000 30
11.080000 30
11.114000 30
11.148000 30
11.182000 30
11.216000 30
11.250000 30
11.284000 30
11.318000 30
11.352000 30
11.386000 30
11.420000 30
11.454000 30
11.488000 30
11.522000 30
11.556000 30
11.590000 30
11.624000 30
11.658000 30
11.692000 30
11.726000 30
11.760000 30
11.794000 30
11.828000 30
11.862000 30
11.896000 30
11.930000 30
11.964000 30
11.998000 30
12.032000 30
12.066000 30
12.100000 30
12.134000 30
12.168000 30
12.202000 30
12.236000 30
12.270000 30
12.304000 30
12.338000 30
12.372000 30
12.406000 30
12.440000 30
12.474000 30
12.508000 30
12.542000 30
12.576000 30
12.610000 30
12.644000 30
12.678000 30
12.712000 30
12.746000 30
12.780000 30
12.814000 30
12.848000 30
12.882000 30
12.916000 30
12.950000 30
12.984000 30
13.018000 30
13.052000 30
13.086000 30
13.120000 30
13.154000 30
13.188000 30
13.222000 30
13.256000 30
13.290000 30
13.324000 30
13.358000 30
13.392000 30
13.426000 30
13.460000 30
13.494000 30
13.528000 30
13.562000 30
13.596000 30
13.630000 30
13.664000 30
13.698000 30
13.732000 30
13.766000 30
13.800000 30
13.834000 30
13.868000 30
13.902000 30
13.936000 30
13.970000 30
14.004000 30
14.038000 30
14.072000 30
14.106000 30
14.140000 30
14.174000 30
14.208000 30
14.242000 30
14.276000 30
14.310000 30
14.344000 30
14.378000 30
14.412000 30
14.446000 30
14.480000 30
14.514000 30
14.548000 30
14.582000 30
14.616000 30
14.650000 30
14.684000 30
14.718000 30
14.752000 30
14.786000 30
14.820000 30
14.854000 30
14.888000 30
14.922000 30
14.956000 30
14.990000 30
15.024000 30
15.058000 30
15.092000 30
15.126000 30
15.160000 30
15.194000 30
15.228000 30
15.262000 30
15.296000 30
15.330000 30
15.364000 30
15.398000 30
15.432000 30
15.466000 30
15.500000 30
15.534000 30
15.568000 30
15.602000 30
15.636000 30
15.670000 30
15.704000 30
15.738000 30
15.772000 30
15.806000 30
15.840000 30
15.874000 30
15.908000 30
15.942000 30
15.976000 30
16.010000 30
16.044000 30
16.078000 30
16.112000 30
16.146000 30
16.180000 30
16.214000 30
16.248000 30
16.282000 30
16.316000 30
16.350000 30
16.384000 30
16.418000 30
16.452000 30
16.486000 30
16.520000 30
16.554000 30
16.588000 30
16.622000 30
16.656000 30
16.690000 30
16.724000 30
16.758000 30
16.792000 30
16.826000 30
16.860000 30
16.894000 30
16.928000 30
16.962000 30
16.996000 30
17.030000 30
17.064000 30
17.098000 30
17.132000 30
17.166000 30
17.200000 30
17.234000 30
17.268000 30
17.302000 30
17.336000 30
17.370000 30
17.404000 30
17.438000 30
17.472000 30
17.506000 30
17.540000 30
17.574000 30
17.608000 30
17.642000 30
17.676000 30
17.710000 30
17.744000 30
17.778000 30
17.812000 30
17.846000 30
17.880000 30
17.914000 30
17.948000 30
17.982000 30
18.016000 30
18.050000 30
18.084000 30
18.118000 30
18.152000 30
18.186000 30
18.220000 30
18.254000 30
18.288000 30
18.322000 30
18.356000 30
18.390000 30
18.424000 30
18.458000 30
18.492000 30
18.526000 30
18.560000 30
18.594000 30
18.628000 30
18.662000 30
18.696000 30
18.730000 30
18.764000 30
18.798000 30
18.832000 30
18.866000 30
18.900000 30
18.934000 30
18.968000 30
19.002000 30
19.036000 30
19.070000 30
19.104000 30
19.138000 30
19.172000 30
19.206000 30
19.240000 30
19.274000 30
19.308000 30
19.342000 30
19.376000 30
19.410000 30
19.444000 30
19.478000 30
19.512000 30
19.546000 30
19.580000 30
19.614000 30
19.648000 30
19.682000 30
19.716000 30
19.750000 30
19.784000 30
19.818000 30
19.852000 30
19.886000 30
19.920000 30
19.954000 30
19.988000 30
20.022000 30
20.056000 30
20.090000 30
20.124000 30
20.158000 30
20.192000 30
20.226000 30
20.260000 30
20.294000 30
20.328000 30
20.362000 30
20.396000 30
20.430000 30
20.464000 30
20.498000 30
20.532000 30
20.566000 30
20.600000 30
20.634000 30
20.668000 30
20.702000 30
20.736000 30
20.770000 30
20.804000 30
20.838000 30
20.872000 30
20.906000 30
20.940000 30
20.974000 30
21.008000 30
21.042000 30
21.076000 30
21.110000 30
21.144000 30
21.178000 30
21.212000 30
21.246000 30
21.280000 30
21.314000 30
21.348000 30
21.382000 30
21.416000 30
21.450000 30
21.484000 30
21.518000 30
21.552000 30
21.586000 30
21.620000 30
21.654000 30
21.688000 30
21.722000 30
21.756000 30
21.790000 30
21.824000 30
21.858000 30
21.892000 30
21.926000 30
21.960000 30
21.994000 30
22.028000 30
22.062000 30
22.096000 30
22.130000 30
22.164000 30
22.198000 30
22.232000 30
22.266000 30
22.300000 30
22.334000 30
22.368000 30
22.402000 30
22.436000 30
22.470000 30
22.504000 30
22.538000 30
22.572000 30
22.606000 30
22.640000 30
22.674000 30
22.708000 30
22.742000 30
22.776000 30
22.810000 30
22.844000 30
22.878000 30
22.912000 30
22.946000 30
22.980000 30
23.014000 30
23.048000 30
23.082000 30
23.116000 30
23.150000 30
23.184000 30
23.218000 30
23.252000 30
23.286000 30
23.320000 30
23.354000 30
23.388000 30
23.422000 30
23.456000 30
23.490000 30
23.524000 30
23.558000 30
23.592000 30
23.626000 30
23.660000 30
23.694000 30
23.728000 30
23.762000 30
23.796000 30
23.830000 30
23.864000 30
23.898000 30
23.932000 30
23.966000 30
24.000000 30
24.034000 30
24.068000 30
24.102000 30
24.136000 30
24.170000 30
24.204000 30
24.238000 30
24.272000 30
24.306000 30
24.340000 30
24.374000 30
24.408000 30
24.442000 30
24.476000 30
24.510000 30
24.544000 30
24.578000 30
24.612000 30
24.646000 30
24.680000 30
24.714000 30
24.748000 30
24.782000 30
24.816000 30
24.850000 30
24.884000 30
24.918000 30
24.952000 30
24.986000 30
25.020000 30
25.054000 30
25.088000 30
25.122000 30
25.156000 30
25.190000 30
25.224000 30
25.258000 30
25.292000 30
25.326000 30
25.360000 30
25.394000 30
25.428000 30
25.462000 30
25.496000 30
25.530000 30
25.564000 30
25.598000 30
25.632000 30
25.666000 30
25.700000 30
25.734000 30
25.768000 30
25.802000 30
25.836000 30
25.870000 30
25.904000 30
25.938000 30
25.972000 30
26.006000 30
26.040000 30
26.074000 30
26.108000 30
26.142000 30
26.176000 30
26.210000 30
26.244000 30
26.278000 30
26.312000 30
26.346000 30
26.380000 30
26.414000 30
26.448000 30
26.482000 30
26.516000 30
26.550000 30
26.584000 30
26.618000 30
26.652000 30
26.686000 30
26.720000 30
26.754000 30
26.788000 30
26.822000 30
26.856000 30
26.890000 30
26.924000 30
26.958000 30
26.992000 30
27.026000 30
27.060000 30
27.094000 30
27.128000 30
27.162000 30
27.196000 30
27.230000 30
27.264000 30
27.298000 30
27.332000 30
27.366000 30
27.400000 30
27.434000 30
27.468000 30
27.502000 30
27.536000 30
27.570000 30
27.604000 30
27.638000 30
27.672000 30
27.706000 30
27.740000 30
27.774000 30
27.808000 30
27.842000 30
27.876000 30
27.910000 30
27.944000 30
27.978000 30
28.012000 30
28.046000 30
28.080000 30
28.114000 30
28.148000 30
28.182000 30
28.216000 30
28.250000 30
28.284000 30
28.318000 30
28.352000 30
28.386000 30
28.420000 30
28.454000 30
28.488000 30
28.522000 30
28.556000 30
28.590000 30
28.624000 30
28.658000 30
28.692000 30
28.726000 30
28.760000 30
28.794000 30
28.828000 30
28.862000 30
28.896000 30
28.930000 30
28.964000 30
28.998000 30
29.032000 30
29.066000 30
29.100000 30
29.134000 30
29.168000 30
29.202000 30
29.236000 30
29.270000 30
29.304000 30
29.338000 30
29.372000 30
29.406000 30
29.440000 30
29.474000 30
29.508000 30
29.542000 30
29.576000 30
29.610000 30
29.644000 30
29.678000 30
29.712000 30
29.746000 30
29.780000 30
29.814000 30
29.848000 30
29.882000 30
29.916000 30
29.950000 30
29.984000 30
30.018000 30
30.052000 30
30.086000 30
30.120000 30
30.154000 30
30.188000 30
30.222000 30
30.256000 30
30.290000 30
30.324000 30
30.358000 30
30.392000 30
30.426000 30
30.460000 30
30.494000 30
30.528000 30
30.562000 30
30.596000 30
30.630000 30
30.664000 30
30.698000 30
30.732000 30
30.766000 30
30.800000 30
30.834000 30
30.868000 30
30.902000 30
30.936000 30
30.970000 30
31.004000 30
31.038000 30
31.072000 30
31.106000 30
31.140000 30
31.174000 30
31.208000 30
31.242000 30
31.276000 30
31.310000 30
31.344000 30
31.378000 30
31.412000 30
31.446000 30
31.480000 30
31.514000 30
31.548000 30
31.582000 30
31.616000 30
31.650000 30
31.684000 30
31.718000 30
31.752000 30
31.786000 30
31.820000 30
31.854000 30
31.888000 30
31.922000 30
31.956000 30
31.990000 30
32.024000 30
32.058000 30
32.092000 30
32.126000 30
32.160000 30
32.194000 30
32.228000 30
32.262000 30
32.296000 30
32.330000 30
32.364000 30
32.398000 30
32.432000 30
32.466000 30
32.500000 30
32.534000 30
32.568000 30
32.602000 30
32.636000 30
32.670000 30
32.704000 30
32.738000 30
32.772000 30
32.806000 30
32.840000 30
32.874000 30
32.908000 30
32.942000 30
32.976000 30
33.010000 30
33.044000 30
33.078000 30
33.112000 30
33.146000 30
33.180000 30
33.214000 30
33.248000 30
33.282000 30
33.316000 30
33.350000 30
33.384000 30
33.418000 30
33.452000 30
33.486000 30
33.520000 30
33.554000 30
33.588000 30
33.622000 30
33.656000 30
33.690000 30
33.724000 30
33.758000 30
33.792000 30
33.826000 30
33.860000 30
33.894000 30
33.928000 30
33.962000 30
33.996000 30
34.030000 30
34.064000 30
34.098000 30
34.132000 30
34.166000 30
34.200000 30
34.234000 30
34.268000 30
34.302000 30
34.336000 30
34.370000 30
34.404000 30
34.438000 30
34.472000 30
34.506000 30
34.540000 30
34.574000 30
34.608000 30
34.642000 30
34.676000 30
34.710000 30
34.744000 30
34.778000 30
34.812000 30
34.846000 30
34.880000 30
34.914000 30
34.948000 30
34.982000 30
35.016000 30
35.050000 30
35.084000 30
35.118000 30
35.152000 30
35.186000 30
35.220000 30
35.254000 30
35.288000 30
35.322000 30
35.356000 30
35.390000 30
35.424000 30
35.458000 30
35.492000 30
35.526000 30
35.560000 30
35.594000 30
35.628000 30
35.662000 30
35.696000 30
35.730000 30
35.764000 30
35.798000 30
35.832000 30
35.866000 30
35.900000 30
35.934000 30
35.968000 30
36.002000 30
36.036000 30
36.070000 30
36.104000 30
36.138000 30
36.172000 30
36.206000 30
36.240000 30
36.274000 30
36.308000 30
36.342000 30
36.376000 30
36.410000 30
36.444000 30
36.478000 30
36.512000 30
36.546000 30
36.580000 30
36.614000 30
36.648000 30
36.682000 30
36.716000 30
36.750000 30
36.784000 30
36.818000 30
36.852000 30
36.886000 30
36.920000 30
36.954000 30
36.988000 30
37.022000 30
37.056000 30
37.090000 30
37.124000 30
37.158000 30
37.192000 30
37.226000 30
37.260000 30
37.294000 30
37.328000 30
37.362000 30
37.396000 30
37.430000 30
37.464000 30
37.498000 30
37.532000 30
37.566000 30
37.600000 30
37.634000 30
37.668000 30
37.702000 30
37.736000 30
37.770000 30
37.804000 30
37.838000 30
37.872000 30
37.906000 30
37.940000 30
37.974000 30
38.008000 30
38.042000 30
38.076000 30
38.110000 30
38.144000 30
38.178000 30
38.212000 30
38.246000 30
38.280000 30
38.314000 30
38.348000 30
38.382000 30
38.416000 30
38.450000 30
38.484000 30
38.518000 30
38.552000 30
38.586000 30
38.620000 30
38.654000 30
38.688000 30
38.722000 30
38.756000 30
38.790000 30
38.824000 30
38.858000 30
38.892000 30
38.926000 30
38.960000 30
38.994000 30
39.028000 30
39.062000 30
39.096000 30
39.130000 30
39.164000 30
39.198000 30
39.232000 30
39.266000 30
39.300000 30
39.334000 30
39.368000 30
39.402000 30
39.436000 30
39.470000 30
39.504000 30
39.538000 30
39.572000 30
39.606000 30
39.640000 30
39.674000 30
39.708000 30
39.742000 30
39.776000 30
39.810000 30
39.844000 30
39.878000 30
39.912000 30
39.946000 30
39.980000 30
40.014000 30
40.048000 30
40.082000 30
40.116000 30
40.150000 30
40.184000 30
40.218000 30
40.252000 30
40.286000 30
40.320000 30
40.354000 30
40.388000 30
40.422000 30
40.456000 30
40.490000 30
40.524000 30
40.558000 30
40.592000 30
40.626000 30
40.660000 30
40.694000 30
40.728000 30
40.762000 30
40.796000 30
40.830000 30
40.864000 30
40.898000 30
40.932000 30
40.966000 30
41.000000 30
41.034000 30
41.068000 30
41.102000 30
41.136000 30
41.170000 30
41.204000 30
41.238000 30
41.272000 30
41.306000 30
41.340000 30
41.374000 30
41.408000 30
41.442000 30
41.476000 30
41.510000 30
41.544000 30
41.578000 30
41.612000 30
41.646000 30
41.680000 30
41.714000 30
41.748000 30
41.782000 30
41.816000 30
41.850000 30
41.884000 30
41.918000 30
41.952000 30
41.986000 30
42.020000 30
42.054000 30
42.088000 30
42.122000 30
42.156000 30
42.190000 30
42.224000 30
42.258000 30
42.292000 30
42.326000 30
42.360000 30
42.394000 30
42.428000 30
42.462000 30
42.496000 30
42.530000 30
42.564000 30
42.598000 30
42.632000 30
42.666000 30
42.700000 30
42.734000 30
42.768000 30
42.802000 30
42.836000 30
42.870000 30
42.904000 30
42.938000 30
42.972000 30
43.006000 30
43.040000 30
43.074000 30
43.108000 30
43.142000 30
43.176000 30
43.210000 30
43.244000 30
43.278000 30
43.312000 30
43.346000 30
43.380000 30
43.414000 30
43.448000 30
43.482000 30
43.516000 30
43.550000 30
43.584000 30
43.618000 30
43.652000 30
43.686000 30
43.720000 30
43.754000 30
43.788000 30
43.822000 30
43.856000 30
43.890000 30
43.924000 30
43.958000 30
43.992000 30
44.026000 30
44.060000 30
44.094000 30
44.128000 30
44.162000 30
44.196000 30
44.230000 30
44.264000 30
44.298000 30
44.332000 30
44.366000 30
44.400000 30
44.434000 30
44.468000 30
44.502000 30
44.536000 30
44.570000 30
44.604000 30
44.638000 30
44.672000 30
44.706000 30
44.740000 30
44.774000 30
44.808000 30
44.842000 30
44.876000 30
44.910000 30
44.944000 30
44.978000 30
45.012000 30
45.046000 30
45.080000 30
45.114000 30
45.148000 30
45.182000 30
45.216000 30
45.250000 30
45.284000 30
45.318000 30
45.352000 30
45.386000 30
45.420000 30
45.454000 30
45.488000 30
45.522000 30
45.556000 30
45.590000 30
45.624000 30
45.658000 30
45.692000 30
45.726000 30
45.760000 30
45.794000 30
45.828000 30
45.862000 30
45.896000 30
45.930000 30
45.964000 30
45.998000 30
46.032000 30
46.066000 30
46.100000 30
46.134000 30
46.168000 30
46.202000 30
46.236000 30
46.270000 30
46.304000 30
46.338000 30
46.372000 30
46.406000 30
46.440000 30
46.474000 30
46.508000 30
46.542000 30
46.576000 30
46.610000 30
46.644000 30
46.678000 30
46.712000 30
46.746000 30
46.780000 30
46.814000 30
46.848000 30
46.882000 30
46.916000 30
46.950000 30
46.984000 30
47.018000 30
47.052000 30
47.086000 30
47.120000 30
47.154000 30
47.188000 30
47.222000 30
47.256000 30
47.290000 30
47.324000 30
47.358000 30
47.392000 30
47.426000 30
47.460000 30
47.494000 30
47.528000 30
47.562000 30
47.596000 30
47.630000 30
47.664000 30
47.698000 30
47.732000 30
47.766000 30
47.800000 30
47.834000 30
47.868000 30
47.902000 30
47.936000 30
47.970000 30
48.004000 30
48.038000 30
48.072000 30
48.106000 30
48.140000 30
48.174000 30
48.208000 30
48.242000 30
48.276000 30
48.310000 30
48.344000 30
48.378000 30
48.412000 30
48.446000 30
48.480000 30
48.514000 30
48.548000 30
48.582000 30
48.616000 30
48.650000 30
48.684000 30
48.718000 30
48.752000 30
48.786000 30
48.820000 30
48.854000 30
48.888000 30
48.922000 30
48.956000 30
48.990000 30
49.024000 30
49.058000 30
49.092000 30
49.126000 30
49.160000 30
49.194000 30
49.228000 30
49.262000 30
49.296000 30
49.330000 30
49.364000 30
49.398000 30
49.432000 30
49.466000 30
49.500000 30
49.534000 30
49.568000 30
49.602000 30
49.636000 30
49.670000 30
49.704000 30
49.738000 30
49.772000 30
49.806000 30
49.840000 30
49.874000 30
49.908000 30
49.942000 30
49.976000 30
50.010000 30
50.044000 30
50.078000 30
50.112000 30
50.146000 30
50.180000 30
50.214000 30
50.248000 30
50.282000 30
50.316000 30
50.350000 30
50.384000 30
50.418000 30
50.452000 30
50.486000 30
50.520000 30
50.554000 30
50.588000 30
50.622000 30
50.656000 30
50.690000 30
50.724000 30
50.758000 30
50.792000 30
50.826000 30
50.860000 30
50.894000 30
50.928000 30
50.962000 30
50.996000 30
51.030000 30
51.064000 30
51.098000 30
51.132000 30
51.166000 30
51.200000 30
51.234000 30
51.268000 30
51.302000 30
51.336000 30
51.370000 30
51.404000 30
51.438000 30
51.472000 30
51.506000 30
51.540000 30
51.574000 30
51.608000 30
51.642000 30
51.676000 30
51.710000 30
51.744000 30
51.778000 30
51.812000 30
51.846000 30
51.880000 30
51.914000 30
51.948000 30
51.982000 30
52.016000 30
52.050000 30
52.084000 30
52.118000 30
52.152000 30
52.186000 30
52.220000 30
52.254000 30
52.288000 30
52.322000 30
52.356000 30
52.390000 30
52.424000 30
52.458000 30
52.492000 30
52.526000 30
52.560000 30
52.594000 30
52.628000 30
52.662000 30
52.696000 30
52.730000 30
52.764000 30
52.798000 30
52.832000 30
52.866000 30
52.900000 30
52.934000 30
52.968000 30
53.002000 30
53.036000 30
53.070000 30
53.104000 30
53.138000 30
53.172000 30
53.206000 30
53.240000 30
53.274000 30
53.308000 30
53.342000 30
53.376000 30
53.410000 30
53.444000 30
53.478000 30
53.512000 30
53.546000 30
53.580000 30
53.614000 30
53.648000 30
53.682000 30
53.716000 30
53.750000 30
53.784000 30
53.818000 30
53.852000 30
53.886000 30
53.920000 30
53.954000 30
53.988000 30
54.022000 30
54.056000 30
54.090000 30
54.124000 30
54.158000 30
54.192000 30
54.226000 30
54.260000 30
54.294000 30
54.328000 30
54.362000 30
54.396000 30
54.430000 30
54.464000 30
54.498000 30
54.532000 30
54.566000 30
54.600000 30
54.634000 30
54.668000 30
54.702000 30
54.736000 30
54.770000 30
54.804000 30
54.838000 30
54.872000 30
54.906000 30
54.940000 30
54.974000 30
55.008000 30
55.042000 30
55.076000 30
55.110000 30
55.144000 30
55.178000 30
55.212000 30
55.246000 30
55.280000 30
55.314000 30
55.348000 30
55.382000 30
55.416000 30
55.450000 30
55.484000 30
55.518000 30
55.552000 30
55.586000 30
55.620000 30
55.654000 30
55.688000 30
55.722000 30
55.756000 30
55.790000 30
55.824000 30
55.858000 30
55.892000 30
55.926000 30
55.960000 30
55.994000 30
56.028000 30
56.062000 30
56.096000 30
56.130000 30
56.164000 30
56.198000 30
56.232000 30
56.266000 30
56.300000 30
56.334000 30
56.368000 30
56.402000 30
56.436000 30
56.470000 30
56.504000 30
56.538000 30
56.572000 30
56.606000 30
56.640000 30
56.674000 30
56.708000 30
56.742000 30
56.776000 30
56.810000 30
56.844000 30
56.878000 30
56.912000 30
56.946000 30
56.980000 30
57.014000 30
57.048000 30
57.082000 30
57.116000 30
57.150000 30
57.184000 30
57.218000 30
57.252000 30
57.286000 30
57.320000 30
57.354000 30
57.388000 30
57.422000 30
57.456000 30
57.490000 30
57.524000 30
57.558000 30
57.592000 30
57.626000 30
57.660000 30
57.694000 30
57.728000 30
57.762000 30
57.796000 30
57.830000 30
57.864000 30
57.898000 30
57.932000 30
57.966000 30
58.000000 30
58.034000 30
58.068000 30
58.102000 30
58.136000 30
58.170000 30
58.204000 30
58.238000 30
58.272000 30
58.306000 30
58.340000 30
58.374000 30
58.408000 30
58.442000 30
58.476000 30
58.510000 30
58.544000 30
58.578000 30
58.612000 30
58.646000 30
58.680000 30
58.714000 30
58.748000 30
58.782000 30
58.816000 30
58.850000 30
58.884000 30
58.918000 30
58.952000 30
58.986000 30
59.020000 30
59.054000 30
59.088000 30
59.122000 30
59.156000 30
59.190000 30
59.224000 30
59.258000 30
59.292000 30
59.326000 30
59.360000 30
59.394000 30
59.428000 30
59.462000 30
59.496000 30
59.530000 30
59.564000 30
59.598000 30
59.632000 30
59.666000 30
59.700000 30
59.734000 30
59.768000 30
59.802000 30
59.836000 30
59.870000 30
59.904000 30
59.938000 30
59.972000 30
60.006000 30
60.040000 30
60.074000 30
60.108000 30
60.142000 30
60.176000 30
60.210000 30
60.244000 30
60.278000 30
60.312000 30
60.346000 30
60.380000 30
60.414000 30
60.448000 30
60.482000 30
60.516000 30
60.550000 30
60.584000 30
60.618000 30
60.652000 30
60.686000 30
60.720000 30
60.754000 30
60.788000 30
60.822000 30
60.856000 30
60.890000 30
60.924000 30
60.958000 30
60.992000 30
61.026000 30
61.060000 30
61.094000 30
61.128000 30
61.162000 30
61.196000 30
61.230000 30
61.264000 30
61.298000 30
61.332000 30
61.366000 30
61.400000 30
61.434000 30
61.468000 30
61.502000 30
61.536000 30
61.570000 30
61.604000 30
61.638000 30
61.672000 30
61.706000 30
61.740000 30
61.774000 30
61.808000 30
61.842000 30
61.876000 30
61.910000 30
61.944000 30
61.978000 30
62.012000 30
62.046000 30
62.080000 30
62.114000 30
62.148000 30
62.182000 30
62.216000 30
62.250000 30
62.284000 30
62.318000 30
62.352000 30
62.386000 30
62.420000 30
62.454000 30
62.488000 30
62.522000 30
62.556000 30
62.590000 30
62.624000 30
62.658000 30
62.692000 30
62.726000 30
62.760000 30
62.794000 30
62.828000 30
62.862000 30
62.896000 30
62.930000 30
62.964000 30
62.998000 30
63.032000 30
63.066000 30
63.100000 30
63.134000 30
63.168000 30
63.202000 30
63.236000 30
63.270000 30
63.304000 30
63.338000 30
63.372000 30
63.406000 30
63.440000 30
63.474000 30
63.508000 30
63.542000 30
63.576000 30
63.610000 30
63.644000 30
63.678000 30
63.712000 30
63.746000 30
63.780000 30
63.814000 30
63.848000 30
63.882000 30
63.916000 30
63.950000 30
63.984000 30
64.018000 30
64.052000 30
64.086000 30
64.120000 30
64.154000 30
64.188000 30
64.222000 30
64.256000 30
64.290000 30
64.324000 30
64.358000 30
64.392000 30
64.426000 30
64.460000 30
64.494000 30
64.528000 30
64.562000 30
64.596000 30
64.630000 30
64.664000 30
64.698000 30
64.732000 30
64.766000 30
64.800000 30
64.834000 30
64.868000 30
64.902000 30
64.936000 30
64.970000 30
65.004000 30
65.038000 30
65.072000 30
65.106000 30
65.140000 30
65.174000 30
65.208000 30
65.242000 30
65.276000 30
65.310000 30
65.344000 30
65.378000 30
65.412000 30
65.446000 30
65.480000 30
65.514000 30
65.548000 30
65.582000 30
65.616000 30
65.650000 30
65.684000 30
65.718000 30
65.752000 30
65.786000 30
65.820000 30
65.854000 30
65.888000 30
65.922000 30
65.956000 30
65.990000 30
66.024000 30
66.058000 30
66.092000 30
66.126000 30
66.160000 30
66.194000 30
66.228000 30
66.262000 30
66.296000 30
66.330000 30
66.364000 30
66.398000 30
66.432000 30
66.466000 30
66.500000 30
66.534000 30
66.568000 30
66.602000 30
66.636000 30
66.670000 30
66.704000 30
66.738000 30
66.772000 30
66.806000 30
66.840000 30
66.874000 30
66.908000 30
66.942000 30
66.976000 30
67.010000 30
67.044000 30
67.078000 30
67.112000 30
67.146000 30
67.180000 30
67.214000 30
67.248000 30
67.282000 30
67.316000 30
67.350000 30
67.384000 30
67.418000 30
67.452000 30
67.486000 30
67.520000 30
67.554000 30
67.588000 30
67.622000 30
67.656000 30
67.690000 30
67.724000 30
67.758000 30
67.792000 30
67.826000 30
67.860000 30
67.894000 30
67.928000 30
67.962000 30
67.996000 30
68.030000 30
68.064000 30
68.098000 30
68.132000 30
68.166000 30
68.200000 30
68.234000 30
68.268000 30
68.302000 30
68.336000 30
68.370000 30
68.404000 30
68.438000 30
68.472000 30
68.506000 30
68.540000 30
68.574000 30
68.608000 30
68.642000 30
68.676000 30
68.710000 30
68.744000 30
68.778000 30
68.812000 30
68.846000 30
68.880000 30
68.914000 30
68.948000 30
68.982000 30
69.016000 30
69.050000 30
69.084000 30
69.118000 30
69.152000 30
69.186000 30
69.220000 30
69.254000 30
69.288000 30
69.322000 30
69.356000 30
69.390000 30
69.424000 30
69.458000 30
69.492000 30
69.526000 30
69.560000 30
69.594000 30
69.628000 30
69.662000 30
69.696000 30
69.730000 30
69.764000 30
69.798000 30
69.832000 30
69.866000 30
69.900000 30
69.934000 30
69.968000 30
70.002000 30
70.036000 30
70.070000 30
70.104000 30
70.138000 30
70.172000 30
70.206000 30
70.240000 30
70.274000 30
70.308000 30
70.342000 30
70.376000 30
70.410000 30
70.444000 30
70.478000 30
70.512000 30
70.546000 30
70.580000 30
70.614000 30
70.648000 30
70.682000 30
70.716000 30
70.750000 30
70.784000 30
70.818000 30
70.852000 30
70.886000 30
70.920000 30
70.954000 30
70.988000 30
71.022000 30
71.056000 30
71.090000 30
71.124000 30
71.158000 30
71.192000 30
71.226000 30
71.260000 30
71.294000 30
71.328000 30
71.362000 30
71.396000 30
71.430000 30
71.464000 30
71.498000 30
71.532000 30
71.566000 30
71.600000 30
71.634000 30
71.668000 30
71.702000 30
71.736000 30
71.770000 30
71.804000 30
71.838000 30
71.872000 30
71.906000 30
71.940000 30
71.974000 30
72.008000 30
72.042000 30
72.076000 30
72.110000 30
72.144000 30
72.178000 30
72.212000 30
72.246000 30
72.280000 30
72.314000 30
72.348000 30
72.382000 30
72.416000 30
72.450000 30
72.484000 30
72.518000 30
72.552000 30
72.586000 30
72.620000 30
72.654000 30
72.688000 30
72.722000 30
72.756000 30
72.790000 30
72.824000 30
72.858000 30
72.892000 30
72.926000 30
72.960000 30
72.994000 30
73.028000 30
73.062000 30
73.096000 30
73.130000 30
73.164000 30
73.198000 30
73.232000 30
73.266000 30
73.300000 30
73.334000 30
73.368000 30
73.402000 30
73.436000 30
73.470000 30
73.504000 30
73.538000 30
73.572000 30
73.606000 30
73.640000 30
73.674000 30
73.708000 30
73.742000 30
73.776000 30
73.810000 30
73.844000 30
73.878000 30
73.912000 30
73.946000 30
73.980000 30
74.014000 30
74.048000 30
74.082000 30
74.116000 30
74.150000 30
74.184000 30
74.218000 30
74.252000 30
74.286000 30
74.320000 30
74.354000 30
74.388000 30
74.422000 30
74.456000 30
74.490000 30
74.524000 30
74.558000 30
74.592000 30
74.626000 30
74.660000 30
74.694000 30
74.728000 30
74.762000 30
74.796000 30
74.830000 30
74.864000 30
74.898000 30
74.932000 30
74.966000 30
75.000000 30
75.034000 30
75.068000 30
75.102000 30
75.136000 30
75.170000 30
75.204000 30
75.238000 30
75.272000 30
75.306000 30
75.340000 30
75.374000 30
75.408000 30
75.442000 30
75.476000 30
75.510000 30
75.544000 30
75.578000 30
75.612000 30
75.646000 30
75.680000 30
75.714000 30
75.748000 30
75.782000 30
75.816000 30
75.850000 30
75.884000 30
75.918000 30
75.952000 30
75.986000 30
76.020000 30
76.054000 30
76.088000 30
76.122000 30
76.156000 30
76.190000 30
76.224000 30
76.258000 30
76.292000 30
76.326000 30
76.360000 30
76.394000 30
76.428000 30
76.462000 30
76.496000 30
76.530000 30
76.564000 30
76.598000 30
76.632000 30
76.666000 30
76.700000 30
76.734000 30
76.768000 30
76.802000 30
76.836000 30
76.870000 30
76.904000 30
76.938000 30
76.972000 30
77.006000 30
77.040000 30
77.074000 30
77.108000 30
77.142000 30
77.176000 30
77.210000 30
77.244000 30
77.278000 30
77.312000 30
77.346000 30
77.380000 30
77.414000 30
77.448000 30
77.482000 30
77.516000 30
77.550000 30
77.584000 30
77.618000 30
77.652000 30
77.686000 30
77.720000 30
77.754000 30
77.788000 30
77.822000 30
77.856000 30
77.890000 30
77.924000 30
77.958000 30
77.992000 30
78.026000 30
78.060000 30
78.094000 30
78.128000 30
78.162000 30
78.196000 30
78.230000 30
78.264000 30
78.298000 30
78.332000 30
78.366000 30
78.400000 30
78.434000 30
78.468000 30
78.502000 30
78.536000 30
78.570000 30
78.604000 30
78.638000 30
78.672000 30
78.706000 30
78.740000 30
78.774000 30
78.808000 30
78.842000 30
78.876000 30
78.910000 30
78.944000 30
78.978000 30
79.012000 30
79.046000 30
79.080000 30
79.114000 30
79.148000 30
79.182000 30
79.216000 30
79.250000 30
79.284000 30
79.318000 30
79.352000 30
79.386000 30
79.420000 30
79.454000 30
79.488000 30
79.522000 30
79.556000 30
79.590000 30
79.624000 30
79.658000 30
79.692000 30
79.726000 30
79.760000 30
79.794000 30
79.828000 30
79.862000 30
79.896000 30
79.930000 30
79.964000 30
79.998000 30
80.032000 30
80.066000 30
80.100000 30
80.134000 30
80.168000 30
80.202000 30
80.236000 30
80.270000 30
80.304000 30
80.338000 30
80.372000 30
80.406000 30
80.440000 30
80.474000 30
80.508000 30
80.542000 30
80.576000 30
80.610000 30
80.644000 30
80.678000 30
80.712000 30
80.746000 30
80.780000 30
80.814000 30
80.848000 30
80.882000 30
80.916000 30
80.950000 30
80.984000 30
81.018000 30
81.052000 30
81.086000 30
81.120000 30
81.154000 30
81.188000 30
81.222000 30
81.256000 30
81.290000 30
81.324000 30
81.358000 30
81.392000 30
81.426000 30
81.460000 30
81.494000 30
81.528000 30
81.562000 30
81.596000 30
81.630000 30
81.664000 30
81.698000 30
81.732000 30
81.766000 30
81.800000 30
81.834000 30
81.868000 30
81.902000 30
81.936000 30
81.970000 30
82.004000 30
82.038000 30
82.072000 30
82.106000 30
82.140000 30
82.174000 30
82.208000 30
82.242000 30
82.276000 30
82.310000 30
82.344000 30
82.378000 30
82.412000 30
82.446000 30
82.480000 30
82.514000 30
82.548000 30
82.582000 30
82.616000 30
82.650000 30
82.684000 30
82.718000 30
82.752000 30
82.786000 30
82.820000 30
82.854000 30
82.888000 30
82.922000 30
82.956000 30
82.990000 30
83.024000 30
83.058000 30
83.092000 30
83.126000 30
83.160000 30
83.194000 30
83.228000 30
83.262000 30
83.296000 30
83.330000 30
83.364000 30
83.398000 30
83.432000 30
83.466000 30
83.500000 30
83.534000 30
83.568000 30
83.602000 30
83.636000 30
83.670000 30
83.704000 30
83.738000 30
83.772000 30
83.806000 30
83.840000 30
83.874000 30
83.908000 30
83.942000 30
83.976000 30
84.010000 30
84.044000 30
84.078000 30
84.112000 30
84.146000 30
84.180000 30
84.214000 30
84.248000 30
84.282000 30
84.316000 30
84.350000 30
84.384000 30
84.418000 30
84.452000 30
84.486000 30
84.520000 30
84.554000 30
84.588000 30
84.622000 30
84.656000 30
84.690000 30
84.724000 30
84.758000 30
84.792000 30
84.826000 30
84.860000 30
84.894000 30
84.928000 30
84.962000 30
84.996000 30
85.030000 30
85.064000 30
85.098000 30
85.132000 30
85.166000 30
85.200000 30
85.234000 30
85.268000 30
85.302000 30
85.336000 30
85.370000 30
85.404000 30
85.438000 30
85.472000 30
85.506000 30
85.540000 30
85.574000 30
85.608000 30
85.642000 30
85.676000 30
85.710000 30
85.744000 30
85.778000 30
85.812000 30
85.846000 30
85.880000 30
85.914000 30
85.948000 30
85.982000 30
86.016000 30
86.050000 30
86.084000 30
86.118000 30
86.152000 30
86.186000 30
86.220000 30
86.254000 30
86.288000 30
86.322000 30
86.356000 30
86.390000 30
86.424000 30
86.458000 30
86.492000 30
86.526000 30
86.560000 30
86.594000 30
86.628000 30
86.662000 30
86.696000 30
86.730000 30
86.764000 30
86.798000 30
86.832000 30
86.866000 30
86.900000 30
86.934000 30
86.968000 30
87.002000 30
87.036000 30
87.070000 30
87.104000 30
87.138000 30
87.172000 30
87.206000 30
87.240000 30
87.274000 30
87.308000 30
87.342000 30
87.376000 30
87.410000 30
87.444000 30
87.478000 30
87.512000 30
87.546000 30
87.580000 30
87.614000 30
87.648000 30
87.682000 30
87.716000 30
87.750000 30
87.784000 30
87.818000 30
87.852000 30
87.886000 30
87.920000 30
87.954000 30
87.988000 30
88.022000 30
88.056000 30
88.090000 30
88.124000 30
88.158000 30
88.192000 30
88.226000 30
88.260000 30
88.294000 30
88.328000 30
88.362000 30
88.396000 30
88.430000 30
88.464000 30
88.498000 30
88.532000 30
88.566000 30
88.600000 30
88.634000 30
88.668000 30
88.702000 30
88.736000 30
88.770000 30
88.804000 30
88.838000 30
88.872000 30
88.906000 30
88.940000 30
88.974000 30
89.008000 30
89.042000 30
89.076000 30
89.110000 30
89.144000 30
89.178000 30
89.212000 30
89.246000 30
89.280000 30
89.314000 30
89.348000 30
89.382000 30
89.416000 30
89.450000 30
89.484000 30
89.518000 30
89.552000 30
89.586000 30
89.620000 30
89.654000 30
89.688000 30
89.722000 30
89.756000 30
89.790000 30
89.824000 30
89.858000 30
89.892000 30
89.926000 30
89.960000 30
89.994000 30
90.028000 30
90.062000 30
90.096000 30
90.130000 30
90.164000 30
90.198000 30
90.232000 30
90.266000 30
90.300000 30
90.334000 30
90.368000 30
90.402000 30
90.436000 30
90.470000 30
90.504000 30
90.538000 30
90.572000 30
90.606000 30
90.640000 30
90.674000 30
90.708000 30
90.742000 30
90.776000 30
90.810000 30
90.844000 30
90.878000 30
90.912000 30
90.946000 30
90.980000 30
91.014000 30
91.048000 30
91.082000 30
91.116000 30
91.150000 30
91.184000 30
91.218000 30
91.252000 30
91.286000 30
91.320000 30
91.354000 30
91.388000 30
91.422000 30
91.456000 30
91.490000 30
91.524000 30
91.558000 30
91.592000 30
91.626000 30
91.660000 30
91.694000 30
91.728000 30
91.762000 30
91.796000 30
91.830000 30
91.864000 30
91.898000 30
91.932000 30
91.966000 30
92.000000 30
92.034000 30
92.068000 30
92.102000 30
92.136000 30
92.170000 30
92.204000 30
92.238000 30
92.272000 30
92.306000 30
92.340000 30
92.374000 30
92.408000 30
92.442000 30
92.476000 30
92.510000 30
92.544000 30
92.578000 30
92.612000 30
92.646000 30
92.680000 30
92.714000 30
92.748000 30
92.782000 30
92.816000 30
92.850000 30
92.884000 30
92.918000 30
92.952000 30
92.986000 30
93.020000 30
93.054000 30
93.088000 30
93.122000 30
93.156000 30
93.190000 30
93.224000 30
93.258000 30
93.292000 30
93.326000 30
93.360000 30
93.394000 30
93.428000 30
93.462000 30
93.496000 30
93.530000 30
93.564000 30
93.598000 30
93.632000 30
93.666000 30
93.700000 30
93.734000 30
93.768000 30
93.802000 30
93.836000 30
93.870000 30
93.904000 30
93.938000 30
93.972000 30
94.006000 30
94.040000 30
94.074000 30
94.108000 30
94.142000 30
94.176000 30
94.210000 30
94.244000 30
94.278000 30
94.312000 30
94.346000 30
94.380000 30
94.414000 30
94.448000 30
94.482000 30
94.516000 30
94.550000 30
94.584000 30
94.618000 30
94.652000 30
94.686000 30
94.720000 30
94.754000 30
94.788000 30
94.822000 30
94.856000 30
94.890000 30
94.924000 30
94.958000 30
94.992000 30
95.026000 30
95.060000 30
95.094000 30
95.128000 30
95.162000 30
95.196000 30
95.230000 30
95.264000 30
95.298000 30
95.332000 30
95.366000 30
95.400000 30
95.434000 30
95.468000 30
95.502000 30
95.536000 30
95.570000 30
95.604000 30
95.638000 30
95.672000 30
95.706000 30
95.740000 30
95.774000 30
95.808000 30
95.842000 30
95.876000 30
95.910000 30
95.944000 30
95.978000 30
96.012000 30
96.046000 30
96.080000 30
96.114000 30
96.148000 30
96.182000 30
96.216000 30
96.250000 30
96.284000 30
96.318000 30
96.352000 30
96.386000 30
96.420000 30
96.454000 30
96.488000 30
96.522000 30
96.556000 30
96.590000 30
96.624000 30
96.658000 30
96.692000 30
96.726000 30
96.760000 30
96.794000 30
96.828000 30
96.862000 30
96.896000 30
96.930000 30
96.964000 30
96.998000 30
97.032000 30
97.066000 30
97.100000 30
97.134000 30
97.168000 30
97.202000 30
97.236000 30
97.270000 30
97.304000 30
97.338000 30
97.372000 30
97.406000 30
97.440000 30
97.474000 30
97.508000 30
97.542000 30
97.576000 30
97.610000 30
97.644000 30
97.678000 30
97.712000 30
97.746000 30
97.780000 30
97.814000 30
97.848000 30
97.882000 30
97.916000 30
97.950000 30
97.984000 30
98.018000 30
98.052000 30
98.086000 30
98.120000 30
98.154000 30
98.188000 30
98.222000 30
98.256000 30
98.290000 30
98.324000 30
98.358000 30
98.392000 30
98.426000 30
98.460000 30
98.494000 30
98.528000 30
98.562000 30
98.596000 30
98.630000 30
98.664000 30
98.698000 30
98.732000 30
98.766000 30
98.800000 30
98.834000 30
98.868000 30
98.902000 30
98.936000 30
98.970000 30
99.004000 30
99.038000 30
99.072000 30
99.106000 30
99.140000 30
99.174000 30
99.208000 30
99.242000 30
99.276000 30
99.310000 30
99.344000 30
99.378000 30
99.412000 30
99.446000 30
99.480000 30
99.514000 30
99.548000 30
99.582000 30
99.616000 30
99.650000 30
99.684000 30
99.718000 30
99.752000 30
99.786000 30
99.820000 30
99.854000 30
99.888000 30
99.922000 30
99.956000 30
99.990000 30
100.024000 30
100.058000 30
100.092000 30
100.126000 30
100.160000 30
100.194000 30
100.228000 30
100.262000 30
100.296000 30
100.330000 30
100.364000 30
100.398000 30
100.432000 30
100.466000 30
100.500000 30
100.534000 30
100.568000 30
100.602000 30
100.636000 30
100.670000 30
100.704000 30
100.738000 30
100.772000 30
100.806000 30
100.840000 30
100.874000 30
100.908000 30
100.942000 30
100.976000 30
101.010000 30
101.044000 30
101.078000 30
101.112000 30
101.146000 30
101.180000 30
101.214000 30
101.248000 30
101.282000 30
101.316000 30
101.350000 30
101.384000 30
101.418000 30
101.452000 30
101.486000 30
101.520000 30
101.554000 30
101.588000 30
101.622000 30
101.656000 30
101.690000 30
101.724000 30
101.758000 30
101.792000 30
101.826000 30
101.860000 30
101.894000 30
101.928000 30
101.962000 30
101.996000 30
102.030000 30
102.064000 30
102.098000 30
102.132000 30
102.166000 30
102.200000 30
102.234000 30
102.268000 30
102.302000 30
102.336000 30
102.370000 30
102.404000 30
102.438000 30
102.472000 30
102.506000 30
102.540000 30
102.574000 30
102.608000 30
102.642000 30
102.676000 30
102.710000 30
102.744000 30
102.778000 30
102.812000 30
102.846000 30
102.880000 30
102.914000 30
102.948000 30
102.982000 30
103.016000 30
103.050000 30
103.084000 30
103.118000 30
103.152000 30
103.186000 30
103.220000 30
103.254000 30
103.288000 30
103.322000 30
103.356000 30
103.390000 30
103.424000 30
103.458000 30
103.492000 30
103.526000 30
103.560000 30
103.594000 30
103.628000 30
103.662000 30
103.696000 30
103.730000 30
103.764000 30
103.798000 30
103.832000 30
103.866000 30
103.900000 30
103.934000 30
103.968000 30
104.002000 30
104.036000 30
104.070000 30
104.104000 30
104.138000 30
104.172000 30
104.206000 30
104.240000 30
104.274000 30
104.308000 30
104.342000 30
104.376000 30
104.410000 30
104.444000 30
104.478000 30
104.512000 30
104.546000 30
104.580000 30
104.614000 30
104.648000 30
104.682000 30
104.716000 30
104.750000 30
104.784000 30
104.818000 30
104.852000 30
104.886000 30
104.920000 30
104.954000 30
104.988000 30
105.022000 30
105.056000 30
105.090000 30
105.124000 30
105.158000 30
105.192000 30
105.226000 30
105.260000 30
105.294000 30
105.328000 30
105.362000 30
105.396000 30
105.430000 30
105.464000 30
105.498000 30
105.532000 30
105.566000 30
105.600000 30
105.634000 30
105.668000 30
105.702000 30
105.736000 30
105.770000 30
105.804000 30
105.838000 30
105.872000 30
105.906000 30
105.940000 30
105.974000 30
106.008000 30
106.042000 30
106.076000 30
106.110000 30
106.144000 30
106.178000 30
106.212000 30
106.246000 30
106.280000 30
106.314000 30
106.348000 30
106.382000 30
106.416000 30
106.450000 30
106.484000 30
106.518000 30
106.552000 30
106.586000 30
106.620000 30
106.654000 30
106.688000 30
106.722000 30
106.756000 30
106.790000 30
106.824000 30
106.858000 30
106.892000 30
106.926000 30
106.960000 30
106.994000 30
107.028000 30
107.062000 30
107.096000 30
107.130000 30
107.164000 30
107.198000 30
107.232000 30
107.266000 30
107.300000 30
107.334000 30
107.368000 30
107.402000 30
107.436000 30
107.470000 30
107.504000 30
107.538000 30
107.572000 30
107.606000 30
107.640000 30
107.674000 30
107.708000 30
107.742000 30
107.776000 30
107.810000 30
107.844000 30
107.878000 30
107.912000 30
107.946000 30
107.980000 30
108.014000 30
108.048000 30
108.082000 30
108.116000 30
108.150000 30
108.184000 30
108.218000 30
108.252000 30
108.286000 30
108.320000 30
108.354000 30
108.388000 30
108.422000 30
108.456000 30
108.490000 30
108.524000 30
108.558000 30
108.592000 30
108.626000 30
108.660000 30
108.694000 30
108.728000 30
108.762000 30
108.796000 30
108.830000 30
108.864000 30
108.898000 30
108.932000 30
108.966000 30
109.000000 30
109.034000 30
109.068000 30
109.102000 30
109.136000 30
109.170000 30
109.204000 30
109.238000 30
109.272000 30
109.306000 30
109.340000 30
109.374000 30
109.408000 30
109.442000 30
109.476000 30
109.510000 30
109.544000 30
109.578000 30
109.612000 30
109.646000 30
109.680000 30
109.714000 30
109.748000 30
109.782000 30
109.816000 30
109.850000 30
109.884000 30
109.918000 30
109.952000 30
109.986000 30
110.020000 30
110.054000 30
110.088000 30
110.122000 30
110.156000 30
110.190000 30
110.224000 30
110.258000 30
110.292000 30
110.326000 30
110.360000 30
110.394000 30
110.428000 30
110.462000 30
110.496000 30
110.530000 30
110.564000 30
110.598000 30
110.632000 30
110.666000 30
110.700000 30
110.734000 30
110.768000 30
110.802000 30
110.836000 30
110.870000 30
110.904000 30
110.938000 30
110.972000 30
111.006000 30
111.040000 30
111.074000 30
111.108000 30
111.142000 30
111.176000 30
111.210000 30
111.244000 30
111.278000 30
111.312000 30
111.346000 30
111.380000 30
111.414000 30
111.448000 30
111.482000 30
111.516000 30
111.550000 30
111.584000 30
111.618000 30
111.652000 30
111.686000 30
111.720000 30
111.754000 30
111.788000 30
111.822000 30
111.856000 30
111.890000 30
111.924000 30
111.958000 30
111.992000 30
112.026000 30
112.060000 30
112.094000 30
112.128000 30
112.162000 30
112.196000 30
112.230000 30
112.264000 30
112.298000 30
112.332000 30
112.366000 30
112.400000 30
112.434000 30
112.468000 30
112.502000 30
112.536000 30
112.570000 30
112.604000 30
112.638000 30
112.672000 30
112.706000 30
112.740000 30
112.774000 30
112.808000 30
112.842000 30
112.876000 30
112.910000 30
112.944000 30
112.978000 30
113.012000 30
113.046000 30
113.080000 30
113.114000 30
113.148000 30
113.182000 30
113.216000 30
113.250000 30
113.284000 30
113.318000 30
113.352000 30
113.386000 30
113.420000 30
113.454000 30
113.488000 30
113.522000 30
113.556000 30
113.590000 30
113.624000 30
113.658000 30
113.692000 30
113.726000 30
113.760000 30
113.794000 30
113.828000 30
113.862000 30
113.896000 30
113.930000 30
113.964000 30
113.998000 30
114.032000 30
114.066000 30
114.100000 30
114.134000 30
114.168000 30
114.202000 30
114.236000 30
114.270000 30
114.304000 30
114.338000 30
114.372000 30
114.406000 30
114.440000 30
114.474000 30
114.508000 30
114.542000 30
114.576000 30
114.610000 30
114.644000 30
114.678000 30
114.712000 30
114.746000 30
114.780000 30
114.814000 30
114.848000 30
114.882000 30
114.916000 30
114.950000 30
114.984000 30
115.018000 30
115.052000 30
115.086000 30
115.120000 30
115.154000 30
115.188000 30
115.222000 30
115.256000 30
115.290000 30
115.324000 30
115.358000 30
115.392000 30
115.426000 30
115.460000 30
115.494000 30
115.528000 30
115.562000 30
115.596000 30
115.630000 30
115.664000 30
115.698000 30
115.732000 30
115.766000 30
115.800000 30
115.834000 30
115.868000 30
115.902000 30
115.936000 30
115.970000 30
116.004000 30
116.038000 30
116.072000 30
116.106000 30
116.140000 30
116.174000 30
116.208000 30
116.242000 30
116.276000 30
116.310000 30
116.344000 30
116.378000 30
116.412000 30
116.446000 30
116.480000 30
116.514000 30
116.548000 30
116.582000 30
116.616000 30
116.650000 30
116.684000 30
116.718000 30
116.752000 30
116.786000 30
116.820000 30
116.854000 30
116.888000 30
116.922000 30
116.956000 30
116.990000 30
117.024000 30
117.058000 30
117.092000 30
117.126000 30
117.160000 30
117.194000 30
117.228000 30
117.262000 30
117.296000 30
117.330000 30
117.364000 30
117.398000 30
117.432000 30
117.466000 30
117.500000 30
117.534000 30
117.568000 30
117.602000 30
117.636000 30
117.670000 30
117.704000 30
117.738000 30
117.772000 30
117.806000 30
117.840000 30
117.874000 30
117.908000 30
117.942000 30
117.976000 30
118.010000 30
118.044000 30
118.078000 30
118.112000 30
118.146000 30
118.180000 30
118.214000 30
118.248000 30
118.282000 30
118.316000 30
118.350000 30
118.384000 30
118.418000 30
118.452000 30
118.486000 30
118.520000 30
118.554000 30
118.588000 30
118.622000 30
118.656000 30
118.690000 30
118.724000 30
118.758000 30
118.792000 30
118.826000 30
118.860000 30
118.894000 30
118.928000 30
118.962000 30
118.996000 30
119.030000 30
119.064000 30
119.098000 30
119.132000 30
119.166000 30
119.200000 30
119.234000 30
119.268000 30
119.302000 30
119.336000 30
119.370000 30
119.404000 30
119.438000 30
119.472000 30
119.506000 30
119.540000 30
119.574000 30
119.608000 30
119.642000 30
119.676000 30
119.710000 30
119.744000 30
119.778000 30
119.812000 30
119.846000 30
119.880000 30
119.914000 30
119.948000 30
119.982000 30
120.016000 30
120.050000 30
120.084000 30
120.118000 30
120.152000 30
120.186000 30
120.220000 30
120.254000 30
120.288000 30
120.322000 30
120.356000 30
120.390000 30
120.424000 30
120.458000 30
120.492000 30
120.526000 30
120.560000 30
120.594000 30
120.628000 30
120.662000 30
120.696000 30
120.730000 30
120.764000 30
120.798000 30
120.832000 30
120.866000 30
120.900000 30
120.934000 30
120.968000 30
121.002000 30
121.036000 30
121.070000 30
121.104000 30
121.138000 30
121.172000 30
121.206000 30
121.240000 30
121.274000 30
121.308000 30
121.342000 30
121.376000 30
121.410000 30
121.444000 30
121.478000 30
121.512000 30
121.546000 30
121.580000 30
121.614000 30
121.648000 30
121.682000 30
121.716000 30
121.750000 30
121.784000 30
121.818000 30
121.852000 30
121.886000 30
121.920000 30
121.954000 30
121.988000 30
122.022000 30
122.056000 30
122.090000 30
122.124000 30
122.158000 30
122.192000 30
122.226000 30
122.260000 30
122.294000 30
122.328000 30
122.362000 30
122.396000 30
122.430000 30
122.464000 30
122.498000 30
122.532000 30
122.566000 30
122.600000 30
122.634000 30
122.668000 30
122.702000 30
122.736000 30
122.770000 30
122.804000 30
122.838000 30
122.872000 30
122.906000 30
122.940000 30
122.974000 30
123.008000 30
123.042000 30
123.076000 30
123.110000 30
123.144000 30
123.178000 30
123.212000 30
123.246000 30
123.280000 30
123.314000 30
123.348000 30
123.382000 30
123.416000 30
123.450000 30
123.484000 30
123.518000 30
123.552000 30
123.586000 30
123.620000 30
123.654000 30
123.688000 30
123.722000 30
123.756000 30
123.790000 30
123.824000 30
123.858000 30
123.892000 30
123.926000 30
123.960000 30
123.994000 30
124.028000 30
124.062000 30
124.096000 30
124.130000 30
124.164000 30
124.198000 30
124.232000 30
124.266000 30
124.300000 30
124.334000 30
124.368000 30
124.402000 30
124.436000 30
124.470000 30
124.504000 30
124.538000 30
124.572000 30
124.606000 30
124.640000 30
124.674000 30
124.708000 30
124.742000 30
124.776000 30
124.810000 30
124.844000 30
124.878000 30
124.912000 30
124.946000 30
124.980000 30
125.014000 30
125.048000 30
125.082000 30
125.116000 30
125.150000 30
125.184000 30
125.218000 30
125.252000 30
125.286000 30
125.320000 30
125.354000 30
125.388000 30
125.422000 30
125.456000 30
125.490000 30
125.524000 30
125.558000 30
125.592000 30
125.626000 30
125.660000 30
125.694000 30
125.728000 30
125.762000 30
