0.170000 170
0.340000 170
0.510000 170
0.680000 170
0.850000 170
1.020000 170
1.190000 170
1.360000 170
1.530000 170
1.700000 170
1.870000 170
2.040000 170
2.210000 170
2.380000 170
2.550000 170
2.720000 170
2.890000 170
3.060000 170
3.230000 170
3.400000 170
3.570000 170
3.740000 170
3.910000 170
4.080000 170
4.250000 170
4.420000 170
4.590000 170
4.760000 170
4.930000 170
5.100000 170
5.270000 170
5.440000 170
5.610000 170
5.780000 170
5.950000 170
6.120000 170
6.290000 170
6.460000 170
6.630000 170
6.800000 170
6.970000 170
7.140000 170
7.310000 170
7.480000 170
7.650000 170
7.820000 170
7.990000 170
8.160000 170
8.330000 170
8.500000 170
8.670000 170
8.840000 170
9.010000 170
9.180000 170
9.350000 170
9.520000 170
9.690000 170
9.860000 170
10.030000 170
10.200000 170
10.370000 170
10.540000 170
10.710000 170
10.880000 170
11.050000 170
11.220000 170
11.390000 170
11.560000 170
11.730000 170
11.900000 170
12.070000 170
12.240000 170
12.410000 170
12.580000 170
12.750000 170
12.920000 170
13.090000 170
13.260000 170
13.430000 170
13.600000 170
13.770000 170
13.940000 170
14.110000 170
14.280000 170
14.450000 170
14.620000 170
14.790000 170
14.960000 170
15.130000 170
15.300000 170
15.470000 170
15.640000 170
15.810000 170
15.980000 170
16.150000 170
16.320000 170
16.490000 170
16.660000 170
16.830000 170
17.000000 170
17.170000 170
17.340000 170
17.510000 170
17.680000 170
17.850000 170
18.020000 170
18.190000 170
18.360000 170
18.530000 170
18.700000 170
18.870000 170
19.040000 170
19.210000 170
19.380000 170
19.550000 170
19.720000 170
19.890000 170
20.060000 170
20.230000 170
20.400000 170
20.570000 170
20.740000 170
20.910000 170
21.080000 170
21.250000 170
21.420000 170
21.590000 170
21.760000 170
21.930000 170
22.100000 170
22.270000 170
22.440000 170
22.610000 170
22.780000 170
22.950000 170
23.120000 170
23.290000 170
23.460000 170
23.630000 170
23.800000 170
23.970000 170
24.140000 170
24.310000 170
24.480000 170
24.650000 170
24.820000 170
24.990000 170
25.160000 170
25.330000 170
25.500000 170
25.670000 170
25.840000 170
26.010000 170
26.180000 170
26.350000 170
26.520000 170
26.690000 170
26.860000 170
27.030000 170
27.200000 170
27.370000 170
27.540000 170
27.710000 170
27.880000 170
28.050000 170
28.220000 170
28.390000 170
28.560000 170
28.730000 170
28.900000 170
29.070000 170
29.240000 170
29.410000 170
29.580000 170
29.750000 170
29.920000 170
30.090000 170
30.260000 170
30.430000 170
30.600000 170
30.770000 170
30.940000 170
31.110000 170
31.280000 170
31.450000 170
31.620000 170
31.790000 170
31.960000 170
32.130000 170
32.300000 170
32.470000 170
32.640000 170
32.810000 170
32.980000 170
33.150000 170
33.320000 170
33.490000 170
33.660000 170
33.830000 170
34.000000 170
34.170000 170
34.340000 170
34.510000 170
34.680000 170
34.850000 170
35.020000 170
35.190000 170
35.360000 170
35.530000 170
35.700000 170
35.870000 170
36.040000 170
36.210000 170
36.380000 170
36.550000 170
36.720000 170
36.890000 170
37.060000 170
37.230000 170
37.400000 170
37.570000 170
37.740000 170
37.910000 170
38.080000 170
38.250000 170
38.420000 170
38.590000 170
38.760000 170
38.930000 170
39.100000 170
39.270000 170
39.440000 170
39.610000 170
39.780000 170
39.950000 170
40.120000 170
40.290000 170
40.460000 170
40.630000 170
40.800000 170
40.970000 170
41.140000 170
41.310000 170
41.480000 170
41.650000 170
41.820000 170
41.990000 170
42.160000 170
42.330000 170
42.500000 170
42.670000 170
42.840000 170
43.010000 170
43.180000 170
43.350000 170
43.520000 170
43.690000 170
43.860000 170
44.030000 170
44.200000 170
44.370000 170
44.540000 170
44.710000 170
44.880000 170
45.050000 170
45.220000 170
45.390000 170
45.560000 170
45.730000 170
45.900000 170
46.070000 170
46.240000 170
46.410000 170
46.580000 170
46.750000 170
46.920000 170
47.090000 170
47.260000 170
47.430000 170
47.600000 170
47.770000 170
47.940000 170
48.110000 170
48.280000 170
48.450000 170
48.620000 170
48.790000 170
48.960000 170
49.130000 170
49.300000 170
49.470000 170
49.640000 170
49.810000 170
49.980000 170
50.150000 170
50.320000 170
50.490000 170
50.660000 170
50.830000 170
51.000000 170
51.170000 170
51.340000 170
51.510000 170
51.680000 170
51.850000 170
52.020000 170
52.190000 170
52.360000 170
52.530000 170
52.700000 170
52.870000 170
53.040000 170
53.210000 170
53.380000 170
53.550000 170
53.720000 170
53.890000 170
54.060000 170
54.230000 170
54.400000 170
54.570000 170
54.740000 170
54.910000 170
55.080000 170
55.250000 170
55.420000 170
55.590000 170
55.760000 170
55.930000 170
56.100000 170
56.270000 170
56.440000 170
56.610000 170
56.780000 170
56.950000 170
57.120000 170
57.290000 170
57.460000 170
57.630000 170
57.800000 170
57.970000 170
58.140000 170
58.310000 170
58.480000 170
58.650000 170
58.820000 170
58.990000 170
59.160000 170
59.330000 170
59.500000 170
59.670000 170
59.840000 170
60.010000 170
60.180000 170
60.350000 170
60.520000 170
60.690000 170
60.860000 170
61.030000 170
61.200000 170
61.370000 170
61.540000 170
61.710000 170
61.880000 170
62.050000 170
62.220000 170
62.390000 170
62.560000 170
62.730000 170
62.900000 170
63.070000 170
63.240000 170
63.410000 170
63.580000 170
63.750000 170
63.920000 170
64.090000 170
64.260000 170
64.430000 170
64.600000 170
64.770000 170
64.940000 170
65.110000 170
65.280000 170
65.450000 170
65.620000 170
65.790000 170
65.960000 170
66.130000 170
66.300000 170
66.470000 170
66.640000 170
66.810000 170
66.980000 170
67.150000 170
67.320000 170
67.490000 170
67.660000 170
67.830000 170
68.000000 170
68.170000 170
68.340000 170
68.510000 170
68.680000 170
68.850000 170
69.020000 170
69.190000 170
69.360000 170
69.530000 170
69.700000 170
69.870000 170
70.040000 170
70.210000 170
70.380000 170
70.550000 170
70.720000 170
70.890000 170
71.060000 170
71.230000 170
71.400000 170
71.570000 170
71.740000 170
71.910000 170
72.080000 170
72.250000 170
72.420000 170
72.590000 170
72.760000 170
72.930000 170
73.100000 170
73.270000 170
73.440000 170
73.610000 170
73.780000 170
73.950000 170
74.120000 170
74.290000 170
74.460000 170
74.630000 170
74.800000 170
74.970000 170
75.140000 170
75.310000 170
75.480000 170
75.650000 170
75.820000 170
75.990000 170
76.160000 170
76.330000 170
76.500000 170
76.670000 170
76.840000 170
77.010000 170
77.180000 170
77.350000 170
77.520000 170
77.690000 170
77.860000 170
78.030000 170
78.200000 170
78.370000 170
78.540000 170
78.710000 170
78.880000 170
79.050000 170
79.220000 170
79.390000 170
79.560000 170
79.730000 170
79.900000 170
80.070000 170
80.240000 170
80.410000 170
80.580000 170
80.750000 170
80.920000 170
81.090000 170
81.260000 170
81.430000 170
81.600000 170
81.770000 170
81.940000 170
82.110000 170
82.280000 170
82.450000 170
82.620000 170
82.790000 170
82.960000 170
83.130000 170
83.300000 170
83.470000 170
83.640000 170
83.810000 170
83.980000 170
84.150000 170
84.320000 170
84.490000 170
84.660000 170
84.830000 170
85.000000 170
85.170000 170
85.340000 170
85.510000 170
85.680000 170
85.850000 170
86.020000 170
86.190000 170
86.360000 170
86.530000 170
86.700000 170
86.870000 170
87.040000 170
87.210000 170
87.380000 170
87.550000 170
87.720000 170
87.890000 170
88.060000 170
88.230000 170
88.400000 170
88.570000 170
88.740000 170
88.910000 170
89.080000 170
89.250000 170
89.420000 170
89.590000 170
89.760000 170
89.930000 170
90.100000 170
90.270000 170
90.440000 170
90.610000 170
90.780000 170
90.950000 170
91.120000 170
91.290000 170
91.460000 170
91.630000 170
91.800000 170
91.970000 170
92.140000 170
92.310000 170
92.480000 170
92.650000 170
92.820000 170
92.990000 170
93.160000 170
93.330000 170
93.500000 170
93.670000 170
93.840000 170
94.010000 170
94.180000 170
94.350000 170
94.520000 170
94.690000 170
94.860000 170
95.030000 170
95.200000 170
95.370000 170
95.540000 170
95.710000 170
95.880000 170
96.050000 170
96.220000 170
96.390000 170
96.560000 170
96.730000 170
96.900000 170
97.070000 170
97.240000 170
97.410000 170
97.580000 170
97.750000 170
97.920000 170
98.090000 170
98.260000 170
98.430000 170
98.600000 170
98.770000 170
98.940000 170
99.110000 170
99.280000 170
99.450000 170
99.620000 170
99.790000 170
99.960000 170
100.130000 170
100.300000 170
100.470000 170
100.640000 170
100.810000 170
100.980000 170
101.150000 170
101.320000 170
101.490000 170
101.660000 170
101.830000 170
102.000000 170
102.170000 170
102.340000 170
102.510000 170
102.680000 170
102.850000 170
103.020000 170
103.190000 170
103.360000 170
103.530000 170
103.700000 170
103.870000 170
104.040000 170
104.210000 170
104.380000 170
104.550000 170
104.720000 170
104.890000 170
105.060000 170
105.230000 170
105.400000 170
105.570000 170
105.740000 170
105.910000 170
106.080000 170
106.250000 170
106.420000 170
106.590000 170
106.760000 170
106.930000 170
107.100000 170
107.270000 170
107.440000 170
107.610000 170
107.780000 170
107.950000 170
108.120000 170
108.290000 170
108.460000 170
108.630000 170
108.800000 170
108.970000 170
109.140000 170
109.310000 170
109.480000 170
109.650000 170
109.820000 170
109.990000 170
110.160000 170
110.330000 170
110.500000 170
110.670000 170
110.840000 170
111.010000 170
111.180000 170
111.350000 170
111.520000 170
111.690000 170
111.860000 170
112.030000 170
112.200000 170
112.370000 170
112.540000 170
112.710000 170
112.880000 170
113.050000 170
113.220000 170
113.390000 170
113.560000 170
113.730000 170
113.900000 170
114.070000 170
114.240000 170
114.410000 170
114.580000 170
114.750000 170
114.920000 170
115.090000 170
115.260000 170
115.430000 170
115.600000 170
115.770000 170
115.940000 170
116.110000 170
116.280000 170
116.450000 170
116.620000 170
116.790000 170
116.960000 170
117.130000 170
117.300000 170
117.470000 170
117.640000 170
117.810000 170
117.980000 170
118.150000 170
118.320000 170
118.490000 170
118.660000 170
118.830000 170
119.000000 170
119.170000 170
119.340000 170
119.510000 170
119.680000 170
119.850000 170
120.020000 170
120.190000 170
120.360000 170
120.530000 170
120.700000 170
120.870000 170
121.040000 170
121.210000 170
121.380000 170
121.550000 170
121.720000 170
121.890000 170
122.060000 170
122.230000 170
122.400000 170
122.570000 170
122.740000 170
122.910000 170
123.080000 170
123.250000 170
123.420000 170
123.590000 170
123.760000 170
123.930000 170
124.100000 170
124.270000 170
124.440000 170
124.610000 170
124.780000 170
124.950000 170
125.120000 170
125.290000 170
125.460000 170
125.630000 170
