0.010000 10
0.050000 10
0.090000 10
0.130000 10
0.170000 10
0.210000 10
0.250000 10
0.290000 10
0.330000 10
0.370000 10
0.410000 10
0.450000 10
0.490000 10
0.530000 10
0.570000 10
0.610000 10
0.650000 10
0.690000 10
0.730000 10
0.770000 10
0.810000 10
0.850000 10
0.890000 10
0.930000 10
0.970000 10
1.010000 10
1.050000 10
1.090000 10
1.130000 10
1.170000 10
1.210000 10
1.250000 10
1.290000 10
1.330000 10
1.370000 10
1.410000 10
1.450000 10
1.490000 10
1.530000 10
1.570000 10
1.610000 10
1.650000 10
1.690000 10
1.730000 10
1.770000 10
1.810000 10
1.850000 10
1.890000 10
1.930000 10
1.970000 10
2.010000 10
2.050000 10
2.090000 10
2.130000 10
2.170000 10
2.210000 10
2.250000 10
2.290000 10
2.330000 10
2.370000 10
2.410000 10
2.450000 10
2.490000 10
2.530000 10
2.570000 10
2.610000 10
2.650000 10
2.690000 10
2.730000 10
2.770000 10
2.810000 10
2.850000 10
2.890000 10
2.930000 10
2.970000 10
3.010000 10
3.050000 10
3.090000 10
3.130000 10
3.170000 10
3.210000 10
3.250000 10
3.290000 10
3.330000 10
3.370000 10
3.410000 10
3.450000 10
3.490000 10
3.530000 10
3.570000 10
3.610000 10
3.650000 10
3.690000 10
3.730000 10
3.770000 10
3.810000 10
3.850000 10
3.890000 10
3.930000 10
3.970000 10
4.010000 10
4.050000 10
4.090000 10
4.130000 10
4.170000 10
4.210000 10
4.250000 10
4.290000 10
4.330000 10
4.370000 10
4.410000 10
4.450000 10
4.490000 10
4.530000 10
4.570000 10
4.610000 10
4.650000 10
4.690000 10
4.730000 10
4.770000 10
4.810000 10
4.850000 10
4.890000 10
4.930000 10
4.970000 10
5.010000 10
5.050000 10
5.090000 10
5.130000 10
5.170000 10
5.210000 10
5.250000 10
5.290000 10
5.330000 10
5.370000 10
5.410000 10
5.450000 10
5.490000 10
5.530000 10
5.570000 10
5.610000 10
5.650000 10
5.690000 10
5.730000 10
5.770000 10
5.810000 10
5.850000 10
5.890000 10
5.930000 10
5.970000 10
6.010000 10
6.050000 10
6.090000 10
6.130000 10
6.170000 10
6.210000 10
6.250000 10
6.290000 10
6.330000 10
6.370000 10
6.410000 10
6.450000 10
6.490000 10
6.530000 10
6.570000 10
6.610000 10
6.650000 10
6.690000 10
6.730000 10
6.770000 10
6.810000 10
6.850000 10
6.890000 10
6.930000 10
6.970000 10
7.010000 10
7.050000 10
7.090000 10
7.130000 10
7.170000 10
7.210000 10
7.250000 10
7.290000 10
7.330000 10
7.370000 10
7.410000 10
7.450000 10
7.490000 10
7.530000 10
7.570000 10
7.610000 10
7.650000 10
7.690000 10
7.730000 10
7.770000 10
7.810000 10
7.850000 10
7.890000 10
7.930000 10
7.970000 10
8.010000 10
8.050000 10
8.090000 10
8.130000 10
8.170000 10
8.210000 10
8.250000 10
8.290000 10
8.330000 10
8.370000 10
8.410000 10
8.450000 10
8.490000 10
8.530000 10
8.570000 10
8.610000 10
8.650000 10
8.690000 10
8.730000 10
8.770000 10
8.810000 10
8.850000 10
8.890000 10
8.930000 10
8.970000 10
9.010000 10
9.050000 10
9.090000 10
9.130000 10
9.170000 10
9.210000 10
9.250000 10
9.290000 10
9.330000 10
9.370000 10
9.410000 10
9.450000 10
9.490000 10
9.530000 10
9.570000 10
9.610000 10
9.650000 10
9.690000 10
9.730000 10
9.770000 10
9.810000 10
9.850000 10
9.890000 10
9.930000 10
9.970000 10
10.010000 10
10.050000 10
10.090000 10
10.130000 10
10.170000 10
10.210000 10
10.250000 10
10.290000 10
10.330000 10
10.370000 10
10.410000 10
10.450000 10
10.490000 10
10.530000 10
10.570000 10
10.610000 10
10.650000 10
10.690000 10
10.730000 10
10.770000 10
10.810000 10
10.850000 10
10.890000 10
10.930000 10
10.970000 10
11.010000 10
11.050000 10
11.090000 10
11.130000 10
11.170000 10
11.210000 10
11.250000 10
11.290000 10
11.330000 10
11.370000 10
11.410000 10
11.450000 10
11.490000 10
11.530000 10
11.570000 10
11.610000 10
11.650000 10
11.690000 10
11.730000 10
11.770000 10
11.810000 10
11.850000 10
11.890000 10
11.930000 10
11.970000 10
12.010000 10
12.050000 10
12.090000 10
12.130000 10
12.170000 10
12.210000 10
12.250000 10
12.290000 10
12.330000 10
12.370000 10
12.410000 10
12.450000 10
12.490000 10
12.530000 10
12.570000 10
12.610000 10
12.650000 10
12.690000 10
12.730000 10
12.770000 10
12.810000 10
12.850000 10
12.890000 10
12.930000 10
12.970000 10
13.010000 10
13.050000 10
13.090000 10
13.130000 10
13.170000 10
13.210000 10
13.250000 10
13.290000 10
13.330000 10
13.370000 10
13.410000 10
13.450000 10
13.490000 10
13.530000 10
13.570000 10
13.610000 10
13.650000 10
13.690000 10
13.730000 10
13.770000 10
13.810000 10
13.850000 10
13.890000 10
13.930000 10
13.970000 10
14.010000 10
14.050000 10
14.090000 10
14.130000 10
14.170000 10
14.210000 10
14.250000 10
14.290000 10
14.330000 10
14.370000 10
14.410000 10
14.450000 10
14.490000 10
14.530000 10
14.570000 10
14.610000 10
14.650000 10
14.690000 10
14.730000 10
14.770000 10
14.810000 10
14.850000 10
14.890000 10
14.930000 10
14.970000 10
15.010000 10
15.050000 10
15.090000 10
15.130000 10
15.170000 10
15.210000 10
15.250000 10
15.290000 10
15.330000 10
15.370000 10
15.410000 10
15.450000 10
15.490000 10
15.530000 10
15.570000 10
15.610000 10
15.650000 10
15.690000 10
15.730000 10
15.770000 10
15.810000 10
15.850000 10
15.890000 10
15.930000 10
15.970000 10
16.010000 10
16.050000 10
16.090000 10
16.130000 10
16.170000 10
16.210000 10
16.250000 10
16.290000 10
16.330000 10
16.370000 10
16.410000 10
16.450000 10
16.490000 10
16.530000 10
16.570000 10
16.610000 10
16.650000 10
16.690000 10
16.730000 10
16.770000 10
16.810000 10
16.850000 10
16.890000 10
16.930000 10
16.970000 10
17.010000 10
17.050000 10
17.090000 10
17.130000 10
17.170000 10
17.210000 10
17.250000 10
17.290000 10
17.330000 10
17.370000 10
17.410000 10
17.450000 10
17.490000 10
17.530000 10
17.570000 10
17.610000 10
17.650000 10
17.690000 10
17.730000 10
17.770000 10
17.810000 10
17.850000 10
17.890000 10
17.930000 10
17.970000 10
18.010000 10
18.050000 10
18.090000 10
18.130000 10
18.170000 10
18.210000 10
18.250000 10
18.290000 10
18.330000 10
18.370000 10
18.410000 10
18.450000 10
18.490000 10
18.530000 10
18.570000 10
18.610000 10
18.650000 10
18.690000 10
18.730000 10
18.770000 10
18.810000 10
18.850000 10
18.890000 10
18.930000 10
18.970000 10
19.010000 10
19.050000 10
19.090000 10
19.130000 10
19.170000 10
19.210000 10
19.250000 10
19.290000 10
19.330000 10
19.370000 10
19.410000 10
19.450000 10
19.490000 10
19.530000 10
19.570000 10
19.610000 10
19.650000 10
19.690000 10
19.730000 10
19.770000 10
19.810000 10
19.850000 10
19.890000 10
19.930000 10
19.970000 10
20.010000 10
20.050000 10
20.090000 10
20.130000 10
20.170000 10
20.210000 10
20.250000 10
20.290000 10
20.330000 10
20.370000 10
20.410000 10
20.450000 10
20.490000 10
20.530000 10
20.570000 10
20.610000 10
20.650000 10
20.690000 10
20.730000 10
20.770000 10
20.810000 10
20.850000 10
20.890000 10
20.930000 10
20.970000 10
21.010000 10
21.050000 10
21.090000 10
21.130000 10
21.170000 10
21.210000 10
21.250000 10
21.290000 10
21.330000 10
21.370000 10
21.410000 10
21.450000 10
21.490000 10
21.530000 10
21.570000 10
21.610000 10
21.650000 10
21.690000 10
21.730000 10
21.770000 10
21.810000 10
21.850000 10
21.890000 10
21.930000 10
21.970000 10
22.010000 10
22.050000 10
22.090000 10
22.130000 10
22.170000 10
22.210000 10
22.250000 10
22.290000 10
22.330000 10
22.370000 10
22.410000 10
22.450000 10
22.490000 10
22.530000 10
22.570000 10
22.610000 10
22.650000 10
22.690000 10
22.730000 10
22.770000 10
22.810000 10
22.850000 10
22.890000 10
22.930000 10
22.970000 10
23.010000 10
23.050000 10
23.090000 10
23.130000 10
23.170000 10
23.210000 10
23.250000 10
23.290000 10
23.330000 10
23.370000 10
23.410000 10
23.450000 10
23.490000 10
23.530000 10
23.570000 10
23.610000 10
23.650000 10
23.690000 10
23.730000 10
23.770000 10
23.810000 10
23.850000 10
23.890000 10
23.930000 10
23.970000 10
24.010000 10
24.050000 10
24.090000 10
24.130000 10
24.170000 10
24.210000 10
24.250000 10
24.290000 10
24.330000 10
24.370000 10
24.410000 10
24.450000 10
24.490000 10
24.530000 10
24.570000 10
24.610000 10
24.650000 10
24.690000 10
24.730000 10
24.770000 10
24.810000 10
24.850000 10
24.890000 10
24.930000 10
24.970000 10
25.010000 10
25.050000 10
25.090000 10
25.130000 10
25.170000 10
25.210000 10
25.250000 10
25.290000 10
25.330000 10
25.370000 10
25.410000 10
25.450000 10
25.490000 10
25.530000 10
25.570000 10
25.610000 10
25.650000 10
25.690000 10
25.730000 10
25.770000 10
25.810000 10
25.850000 10
25.890000 10
25.930000 10
25.970000 10
26.010000 10
26.050000 10
26.090000 10
26.130000 10
26.170000 10
26.210000 10
26.250000 10
26.290000 10
26.330000 10
26.370000 10
26.410000 10
26.450000 10
26.490000 10
26.530000 10
26.570000 10
26.610000 10
26.650000 10
26.690000 10
26.730000 10
26.770000 10
26.810000 10
26.850000 10
26.890000 10
26.930000 10
26.970000 10
27.010000 10
27.050000 10
27.090000 10
27.130000 10
27.170000 10
27.210000 10
27.250000 10
27.290000 10
27.330000 10
27.370000 10
27.410000 10
27.450000 10
27.490000 10
27.530000 10
27.570000 10
27.610000 10
27.650000 10
27.690000 10
27.730000 10
27.770000 10
27.810000 10
27.850000 10
27.890000 10
27.930000 10
27.970000 10
28.010000 10
28.050000 10
28.090000 10
28.130000 10
28.170000 10
28.210000 10
28.250000 10
28.290000 10
28.330000 10
28.370000 10
28.410000 10
28.450000 10
28.490000 10
28.530000 10
28.570000 10
28.610000 10
28.650000 10
28.690000 10
28.730000 10
28.770000 10
28.810000 10
28.850000 10
28.890000 10
28.930000 10
28.970000 10
29.010000 10
29.050000 10
29.090000 10
29.130000 10
29.170000 10
29.210000 10
29.250000 10
29.290000 10
29.330000 10
29.370000 10
29.410000 10
29.450000 10
29.490000 10
29.530000 10
29.570000 10
29.610000 10
29.650000 10
29.690000 10
29.730000 10
29.770000 10
29.810000 10
29.850000 10
29.890000 10
29.930000 10
29.970000 10
30.010000 10
30.050000 10
30.090000 10
30.130000 10
30.170000 10
30.210000 10
30.250000 10
30.290000 10
30.330000 10
30.370000 10
30.410000 10
30.450000 10
30.490000 10
30.530000 10
30.570000 10
30.610000 10
30.650000 10
30.690000 10
30.730000 10
30.770000 10
30.810000 10
30.850000 10
30.890000 10
30.930000 10
30.970000 10
31.010000 10
31.050000 10
31.090000 10
31.130000 10
31.170000 10
31.210000 10
31.250000 10
31.290000 10
31.330000 10
31.370000 10
31.410000 10
31.450000 10
31.490000 10
31.530000 10
31.570000 10
31.610000 10
31.650000 10
31.690000 10
31.730000 10
31.770000 10
31.810000 10
31.850000 10
31.890000 10
31.930000 10
31.970000 10
32.010000 10
32.050000 10
32.090000 10
32.130000 10
32.170000 10
32.210000 10
32.250000 10
32.290000 10
32.330000 10
32.370000 10
32.410000 10
32.450000 10
32.490000 10
32.530000 10
32.570000 10
32.610000 10
32.650000 10
32.690000 10
32.730000 10
32.770000 10
32.810000 10
32.850000 10
32.890000 10
32.930000 10
32.970000 10
33.010000 10
33.050000 10
33.090000 10
33.130000 10
33.170000 10
33.210000 10
33.250000 10
33.290000 10
33.330000 10
33.370000 10
33.410000 10
33.450000 10
33.490000 10
33.530000 10
33.570000 10
33.610000 10
33.650000 10
33.690000 10
33.730000 10
33.770000 10
33.810000 10
33.850000 10
33.890000 10
33.930000 10
33.970000 10
34.010000 10
34.050000 10
34.090000 10
34.130000 10
34.170000 10
34.210000 10
34.250000 10
34.290000 10
34.330000 10
34.370000 10
34.410000 10
34.450000 10
34.490000 10
34.530000 10
34.570000 10
34.610000 10
34.650000 10
34.690000 10
34.730000 10
34.770000 10
34.810000 10
34.850000 10
34.890000 10
34.930000 10
34.970000 10
35.010000 10
35.050000 10
35.090000 10
35.130000 10
35.170000 10
35.210000 10
35.250000 10
35.290000 10
35.330000 10
35.370000 10
35.410000 10
35.450000 10
35.490000 10
35.530000 10
35.570000 10
35.610000 10
35.650000 10
35.690000 10
35.730000 10
35.770000 10
35.810000 10
35.850000 10
35.890000 10
35.930000 10
35.970000 10
36.010000 10
36.050000 10
36.090000 10
36.130000 10
36.170000 10
36.210000 10
36.250000 10
36.290000 10
36.330000 10
36.370000 10
36.410000 10
36.450000 10
36.490000 10
36.530000 10
36.570000 10
36.610000 10
36.650000 10
36.690000 10
36.730000 10
36.770000 10
36.810000 10
36.850000 10
36.890000 10
36.930000 10
36.970000 10
37.010000 10
37.050000 10
37.090000 10
37.130000 10
37.170000 10
37.210000 10
37.250000 10
37.290000 10
37.330000 10
37.370000 10
37.410000 10
37.450000 10
37.490000 10
37.530000 10
37.570000 10
37.610000 10
37.650000 10
37.690000 10
37.730000 10
37.770000 10
37.810000 10
37.850000 10
37.890000 10
37.930000 10
37.970000 10
38.010000 10
38.050000 10
38.090000 10
38.130000 10
38.170000 10
38.210000 10
38.250000 10
38.290000 10
38.330000 10
38.370000 10
38.410000 10
38.450000 10
38.490000 10
38.530000 10
38.570000 10
38.610000 10
38.650000 10
38.690000 10
38.730000 10
38.770000 10
38.810000 10
38.850000 10
38.890000 10
38.930000 10
38.970000 10
39.010000 10
39.050000 10
39.090000 10
39.130000 10
39.170000 10
39.210000 10
39.250000 10
39.290000 10
39.330000 10
39.370000 10
39.410000 10
39.450000 10
39.490000 10
39.530000 10
39.570000 10
39.610000 10
39.650000 10
39.690000 10
39.730000 10
39.770000 10
39.810000 10
39.850000 10
39.890000 10
39.930000 10
39.970000 10
40.010000 10
40.050000 10
40.090000 10
40.130000 10
40.170000 10
40.210000 10
40.250000 10
40.290000 10
40.330000 10
40.370000 10
40.410000 10
40.450000 10
40.490000 10
40.530000 10
40.570000 10
40.610000 10
40.650000 10
40.690000 10
40.730000 10
40.770000 10
40.810000 10
40.850000 10
40.890000 10
40.930000 10
40.970000 10
41.010000 10
41.050000 10
41.090000 10
41.130000 10
41.170000 10
41.210000 10
41.250000 10
41.290000 10
41.330000 10
41.370000 10
41.410000 10
41.450000 10
41.490000 10
41.530000 10
41.570000 10
41.610000 10
41.650000 10
41.690000 10
41.730000 10
41.770000 10
41.810000 10
41.850000 10
41.890000 10
41.930000 10
41.970000 10
42.010000 10
42.050000 10
42.090000 10
42.130000 10
42.170000 10
42.210000 10
42.250000 10
42.290000 10
42.330000 10
42.370000 10
42.410000 10
42.450000 10
42.490000 10
42.530000 10
42.570000 10
42.610000 10
42.650000 10
42.690000 10
42.730000 10
42.770000 10
42.810000 10
42.850000 10
42.890000 10
42.930000 10
42.970000 10
43.010000 10
43.050000 10
43.090000 10
43.130000 10
43.170000 10
43.210000 10
43.250000 10
43.290000 10
43.330000 10
43.370000 10
43.410000 10
43.450000 10
43.490000 10
43.530000 10
43.570000 10
43.610000 10
43.650000 10
43.690000 10
43.730000 10
43.770000 10
43.810000 10
43.850000 10
43.890000 10
43.930000 10
43.970000 10
44.010000 10
44.050000 10
44.090000 10
44.130000 10
44.170000 10
44.210000 10
44.250000 10
44.290000 10
44.330000 10
44.370000 10
44.410000 10
44.450000 10
44.490000 10
44.530000 10
44.570000 10
44.610000 10
44.650000 10
44.690000 10
44.730000 10
44.770000 10
44.810000 10
44.850000 10
44.890000 10
44.930000 10
44.970000 10
45.010000 10
45.050000 10
45.090000 10
45.130000 10
45.170000 10
45.210000 10
45.250000 10
45.290000 10
45.330000 10
45.370000 10
45.410000 10
45.450000 10
45.490000 10
45.530000 10
45.570000 10
45.610000 10
45.650000 10
45.690000 10
45.730000 10
45.770000 10
45.810000 10
45.850000 10
45.890000 10
45.930000 10
45.970000 10
46.010000 10
46.050000 10
46.090000 10
46.130000 10
46.170000 10
46.210000 10
46.250000 10
46.290000 10
46.330000 10
46.370000 10
46.410000 10
46.450000 10
46.490000 10
46.530000 10
46.570000 10
46.610000 10
46.650000 10
46.690000 10
46.730000 10
46.770000 10
46.810000 10
46.850000 10
46.890000 10
46.930000 10
46.970000 10
47.010000 10
47.050000 10
47.090000 10
47.130000 10
47.170000 10
47.210000 10
47.250000 10
47.290000 10
47.330000 10
47.370000 10
47.410000 10
47.450000 10
47.490000 10
47.530000 10
47.570000 10
47.610000 10
47.650000 10
47.690000 10
47.730000 10
47.770000 10
47.810000 10
47.850000 10
47.890000 10
47.930000 10
47.970000 10
48.010000 10
48.050000 10
48.090000 10
48.130000 10
48.170000 10
48.210000 10
48.250000 10
48.290000 10
48.330000 10
48.370000 10
48.410000 10
48.450000 10
48.490000 10
48.530000 10
48.570000 10
48.610000 10
48.650000 10
48.690000 10
48.730000 10
48.770000 10
48.810000 10
48.850000 10
48.890000 10
48.930000 10
48.970000 10
49.010000 10
49.050000 10
49.090000 10
49.130000 10
49.170000 10
49.210000 10
49.250000 10
49.290000 10
49.330000 10
49.370000 10
49.410000 10
49.450000 10
49.490000 10
49.530000 10
49.570000 10
49.610000 10
49.650000 10
49.690000 10
49.730000 10
49.770000 10
49.810000 10
49.850000 10
49.890000 10
49.930000 10
49.970000 10
50.010000 10
50.050000 10
50.090000 10
50.130000 10
50.170000 10
50.210000 10
50.250000 10
50.290000 10
50.330000 10
50.370000 10
50.410000 10
50.450000 10
50.490000 10
50.530000 10
50.570000 10
50.610000 10
50.650000 10
50.690000 10
50.730000 10
50.770000 10
50.810000 10
50.850000 10
50.890000 10
50.930000 10
50.970000 10
51.010000 10
51.050000 10
51.090000 10
51.130000 10
51.170000 10
51.210000 10
51.250000 10
51.290000 10
51.330000 10
51.370000 10
51.410000 10
51.450000 10
51.490000 10
51.530000 10
51.570000 10
51.610000 10
51.650000 10
51.690000 10
51.730000 10
51.770000 10
51.810000 10
51.850000 10
51.890000 10
51.930000 10
51.970000 10
52.010000 10
52.050000 10
52.090000 10
52.130000 10
52.170000 10
52.210000 10
52.250000 10
52.290000 10
52.330000 10
52.370000 10
52.410000 10
52.450000 10
52.490000 10
52.530000 10
52.570000 10
52.610000 10
52.650000 10
52.690000 10
52.730000 10
52.770000 10
52.810000 10
52.850000 10
52.890000 10
52.930000 10
52.970000 10
53.010000 10
53.050000 10
53.090000 10
53.130000 10
53.170000 10
53.210000 10
53.250000 10
53.290000 10
53.330000 10
53.370000 10
53.410000 10
53.450000 10
53.490000 10
53.530000 10
53.570000 10
53.610000 10
53.650000 10
53.690000 10
53.730000 10
53.770000 10
53.810000 10
53.850000 10
53.890000 10
53.930000 10
53.970000 10
54.010000 10
54.050000 10
54.090000 10
54.130000 10
54.170000 10
54.210000 10
54.250000 10
54.290000 10
54.330000 10
54.370000 10
54.410000 10
54.450000 10
54.490000 10
54.530000 10
54.570000 10
54.610000 10
54.650000 10
54.690000 10
54.730000 10
54.770000 10
54.810000 10
54.850000 10
54.890000 10
54.930000 10
54.970000 10
55.010000 10
55.050000 10
55.090000 10
55.130000 10
55.170000 10
55.210000 10
55.250000 10
55.290000 10
55.330000 10
55.370000 10
55.410000 10
55.450000 10
55.490000 10
55.530000 10
55.570000 10
55.610000 10
55.650000 10
55.690000 10
55.730000 10
55.770000 10
55.810000 10
55.850000 10
55.890000 10
55.930000 10
55.970000 10
56.010000 10
56.050000 10
56.090000 10
56.130000 10
56.170000 10
56.210000 10
56.250000 10
56.290000 10
56.330000 10
56.370000 10
56.410000 10
56.450000 10
56.490000 10
56.530000 10
56.570000 10
56.610000 10
56.650000 10
56.690000 10
56.730000 10
56.770000 10
56.810000 10
56.850000 10
56.890000 10
56.930000 10
56.970000 10
57.010000 10
57.050000 10
57.090000 10
57.130000 10
57.170000 10
57.210000 10
57.250000 10
57.290000 10
57.330000 10
57.370000 10
57.410000 10
57.450000 10
57.490000 10
57.530000 10
57.570000 10
57.610000 10
57.650000 10
57.690000 10
57.730000 10
57.770000 10
57.810000 10
57.850000 10
57.890000 10
57.930000 10
57.970000 10
58.010000 10
58.050000 10
58.090000 10
58.130000 10
58.170000 10
58.210000 10
58.250000 10
58.290000 10
58.330000 10
58.370000 10
58.410000 10
58.450000 10
58.490000 10
58.530000 10
58.570000 10
58.610000 10
58.650000 10
58.690000 10
58.730000 10
58.770000 10
58.810000 10
58.850000 10
58.890000 10
58.930000 10
58.970000 10
59.010000 10
59.050000 10
59.090000 10
59.130000 10
59.170000 10
59.210000 10
59.250000 10
59.290000 10
59.330000 10
59.370000 10
59.410000 10
59.450000 10
59.490000 10
59.530000 10
59.570000 10
59.610000 10
59.650000 10
59.690000 10
59.730000 10
59.770000 10
59.810000 10
59.850000 10
59.890000 10
59.930000 10
59.970000 10
60.010000 10
60.050000 10
60.090000 10
60.130000 10
60.170000 10
60.210000 10
60.250000 10
60.290000 10
60.330000 10
60.370000 10
60.410000 10
60.450000 10
60.490000 10
60.530000 10
60.570000 10
60.610000 10
60.650000 10
60.690000 10
60.730000 10
60.770000 10
60.810000 10
60.850000 10
60.890000 10
60.930000 10
60.970000 10
61.010000 10
61.050000 10
61.090000 10
61.130000 10
61.170000 10
61.210000 10
61.250000 10
61.290000 10
61.330000 10
61.370000 10
61.410000 10
61.450000 10
61.490000 10
61.530000 10
61.570000 10
61.610000 10
61.650000 10
61.690000 10
61.730000 10
61.770000 10
61.810000 10
61.850000 10
61.890000 10
61.930000 10
61.970000 10
62.010000 10
62.050000 10
62.090000 10
62.130000 10
62.170000 10
62.210000 10
62.250000 10
62.290000 10
62.330000 10
62.370000 10
62.410000 10
62.450000 10
62.490000 10
62.530000 10
62.570000 10
62.610000 10
62.650000 10
62.690000 10
62.730000 10
62.770000 10
62.810000 10
62.850000 10
62.890000 10
62.930000 10
62.970000 10
63.010000 10
63.050000 10
63.090000 10
63.130000 10
63.170000 10
63.210000 10
63.250000 10
63.290000 10
63.330000 10
63.370000 10
63.410000 10
63.450000 10
63.490000 10
63.530000 10
63.570000 10
63.610000 10
63.650000 10
63.690000 10
63.730000 10
63.770000 10
63.810000 10
63.850000 10
63.890000 10
63.930000 10
63.970000 10
64.010000 10
64.050000 10
64.090000 10
64.130000 10
64.170000 10
64.210000 10
64.250000 10
64.290000 10
64.330000 10
64.370000 10
64.410000 10
64.450000 10
64.490000 10
64.530000 10
64.570000 10
64.610000 10
64.650000 10
64.690000 10
64.730000 10
64.770000 10
64.810000 10
64.850000 10
64.890000 10
64.930000 10
64.970000 10
65.010000 10
65.050000 10
65.090000 10
65.130000 10
65.170000 10
65.210000 10
65.250000 10
65.290000 10
65.330000 10
65.370000 10
65.410000 10
65.450000 10
65.490000 10
65.530000 10
65.570000 10
65.610000 10
65.650000 10
65.690000 10
65.730000 10
65.770000 10
65.810000 10
65.850000 10
65.890000 10
65.930000 10
65.970000 10
66.010000 10
66.050000 10
66.090000 10
66.130000 10
66.170000 10
66.210000 10
66.250000 10
66.290000 10
66.330000 10
66.370000 10
66.410000 10
66.450000 10
66.490000 10
66.530000 10
66.570000 10
66.610000 10
66.650000 10
66.690000 10
66.730000 10
66.770000 10
66.810000 10
66.850000 10
66.890000 10
66.930000 10
66.970000 10
67.010000 10
67.050000 10
67.090000 10
67.130000 10
67.170000 10
67.210000 10
67.250000 10
67.290000 10
67.330000 10
67.370000 10
67.410000 10
67.450000 10
67.490000 10
67.530000 10
67.570000 10
67.610000 10
67.650000 10
67.690000 10
67.730000 10
67.770000 10
67.810000 10
67.850000 10
67.890000 10
67.930000 10
67.970000 10
68.010000 10
68.050000 10
68.090000 10
68.130000 10
68.170000 10
68.210000 10
68.250000 10
68.290000 10
68.330000 10
68.370000 10
68.410000 10
68.450000 10
68.490000 10
68.530000 10
68.570000 10
68.610000 10
68.650000 10
68.690000 10
68.730000 10
68.770000 10
68.810000 10
68.850000 10
68.890000 10
68.930000 10
68.970000 10
69.010000 10
69.050000 10
69.090000 10
69.130000 10
69.170000 10
69.210000 10
69.250000 10
69.290000 10
69.330000 10
69.370000 10
69.410000 10
69.450000 10
69.490000 10
69.530000 10
69.570000 10
69.610000 10
69.650000 10
69.690000 10
69.730000 10
69.770000 10
69.810000 10
69.850000 10
69.890000 10
69.930000 10
69.970000 10
70.010000 10
70.050000 10
70.090000 10
70.130000 10
70.170000 10
70.210000 10
70.250000 10
70.290000 10
70.330000 10
70.370000 10
70.410000 10
70.450000 10
70.490000 10
70.530000 10
70.570000 10
70.610000 10
70.650000 10
70.690000 10
70.730000 10
70.770000 10
70.810000 10
70.850000 10
70.890000 10
70.930000 10
70.970000 10
71.010000 10
71.050000 10
71.090000 10
71.130000 10
71.170000 10
71.210000 10
71.250000 10
71.290000 10
71.330000 10
71.370000 10
71.410000 10
71.450000 10
71.490000 10
71.530000 10
71.570000 10
71.610000 10
71.650000 10
71.690000 10
71.730000 10
71.770000 10
71.810000 10
71.850000 10
71.890000 10
71.930000 10
71.970000 10
72.010000 10
72.050000 10
72.090000 10
72.130000 10
72.170000 10
72.210000 10
72.250000 10
72.290000 10
72.330000 10
72.370000 10
72.410000 10
72.450000 10
72.490000 10
72.530000 10
72.570000 10
72.610000 10
72.650000 10
72.690000 10
72.730000 10
72.770000 10
72.810000 10
72.850000 10
72.890000 10
72.930000 10
72.970000 10
73.010000 10
73.050000 10
73.090000 10
73.130000 10
73.170000 10
73.210000 10
73.250000 10
73.290000 10
73.330000 10
73.370000 10
73.410000 10
73.450000 10
73.490000 10
73.530000 10
73.570000 10
73.610000 10
73.650000 10
73.690000 10
73.730000 10
73.770000 10
73.810000 10
73.850000 10
73.890000 10
73.930000 10
73.970000 10
74.010000 10
74.050000 10
74.090000 10
74.130000 10
74.170000 10
74.210000 10
74.250000 10
74.290000 10
74.330000 10
74.370000 10
74.410000 10
74.450000 10
74.490000 10
74.530000 10
74.570000 10
74.610000 10
74.650000 10
74.690000 10
74.730000 10
74.770000 10
74.810000 10
74.850000 10
74.890000 10
74.930000 10
74.970000 10
75.010000 10
75.050000 10
75.090000 10
75.130000 10
75.170000 10
75.210000 10
75.250000 10
75.290000 10
75.330000 10
75.370000 10
75.410000 10
75.450000 10
75.490000 10
75.530000 10
75.570000 10
75.610000 10
75.650000 10
75.690000 10
75.730000 10
75.770000 10
75.810000 10
75.850000 10
75.890000 10
75.930000 10
75.970000 10
76.010000 10
76.050000 10
76.090000 10
76.130000 10
76.170000 10
76.210000 10
76.250000 10
76.290000 10
76.330000 10
76.370000 10
76.410000 10
76.450000 10
76.490000 10
76.530000 10
76.570000 10
76.610000 10
76.650000 10
76.690000 10
76.730000 10
76.770000 10
76.810000 10
76.850000 10
76.890000 10
76.930000 10
76.970000 10
77.010000 10
77.050000 10
77.090000 10
77.130000 10
77.170000 10
77.210000 10
77.250000 10
77.290000 10
77.330000 10
77.370000 10
77.410000 10
77.450000 10
77.490000 10
77.530000 10
77.570000 10
77.610000 10
77.650000 10
77.690000 10
77.730000 10
77.770000 10
77.810000 10
77.850000 10
77.890000 10
77.930000 10
77.970000 10
78.010000 10
78.050000 10
78.090000 10
78.130000 10
78.170000 10
78.210000 10
78.250000 10
78.290000 10
78.330000 10
78.370000 10
78.410000 10
78.450000 10
78.490000 10
78.530000 10
78.570000 10
78.610000 10
78.650000 10
78.690000 10
78.730000 10
78.770000 10
78.810000 10
78.850000 10
78.890000 10
78.930000 10
78.970000 10
79.010000 10
79.050000 10
79.090000 10
79.130000 10
79.170000 10
79.210000 10
79.250000 10
79.290000 10
79.330000 10
79.370000 10
79.410000 10
79.450000 10
79.490000 10
79.530000 10
79.570000 10
79.610000 10
79.650000 10
79.690000 10
79.730000 10
79.770000 10
79.810000 10
79.850000 10
79.890000 10
79.930000 10
79.970000 10
80.010000 10
80.050000 10
80.090000 10
80.130000 10
80.170000 10
80.210000 10
80.250000 10
80.290000 10
80.330000 10
80.370000 10
80.410000 10
80.450000 10
80.490000 10
80.530000 10
80.570000 10
80.610000 10
80.650000 10
80.690000 10
80.730000 10
80.770000 10
80.810000 10
80.850000 10
80.890000 10
80.930000 10
80.970000 10
81.010000 10
81.050000 10
81.090000 10
81.130000 10
81.170000 10
81.210000 10
81.250000 10
81.290000 10
81.330000 10
81.370000 10
81.410000 10
81.450000 10
81.490000 10
81.530000 10
81.570000 10
81.610000 10
81.650000 10
81.690000 10
81.730000 10
81.770000 10
81.810000 10
81.850000 10
81.890000 10
81.930000 10
81.970000 10
82.010000 10
82.050000 10
82.090000 10
82.130000 10
82.170000 10
82.210000 10
82.250000 10
82.290000 10
82.330000 10
82.370000 10
82.410000 10
82.450000 10
82.490000 10
82.530000 10
82.570000 10
82.610000 10
82.650000 10
82.690000 10
82.730000 10
82.770000 10
82.810000 10
82.850000 10
82.890000 10
82.930000 10
82.970000 10
83.010000 10
83.050000 10
83.090000 10
83.130000 10
83.170000 10
83.210000 10
83.250000 10
83.290000 10
83.330000 10
83.370000 10
83.410000 10
83.450000 10
83.490000 10
83.530000 10
83.570000 10
83.610000 10
83.650000 10
83.690000 10
83.730000 10
83.770000 10
83.810000 10
83.850000 10
83.890000 10
83.930000 10
83.970000 10
84.010000 10
84.050000 10
84.090000 10
84.130000 10
84.170000 10
84.210000 10
84.250000 10
84.290000 10
84.330000 10
84.370000 10
84.410000 10
84.450000 10
84.490000 10
84.530000 10
84.570000 10
84.610000 10
84.650000 10
84.690000 10
84.730000 10
84.770000 10
84.810000 10
84.850000 10
84.890000 10
84.930000 10
84.970000 10
85.010000 10
85.050000 10
85.090000 10
85.130000 10
85.170000 10
85.210000 10
85.250000 10
85.290000 10
85.330000 10
85.370000 10
85.410000 10
85.450000 10
85.490000 10
85.530000 10
85.570000 10
85.610000 10
85.650000 10
85.690000 10
85.730000 10
85.770000 10
85.810000 10
85.850000 10
85.890000 10
85.930000 10
85.970000 10
86.010000 10
86.050000 10
86.090000 10
86.130000 10
86.170000 10
86.210000 10
86.250000 10
86.290000 10
86.330000 10
86.370000 10
86.410000 10
86.450000 10
86.490000 10
86.530000 10
86.570000 10
86.610000 10
86.650000 10
86.690000 10
86.730000 10
86.770000 10
86.810000 10
86.850000 10
86.890000 10
86.930000 10
86.970000 10
87.010000 10
87.050000 10
87.090000 10
87.130000 10
87.170000 10
87.210000 10
87.250000 10
87.290000 10
87.330000 10
87.370000 10
87.410000 10
87.450000 10
87.490000 10
87.530000 10
87.570000 10
87.610000 10
87.650000 10
87.690000 10
87.730000 10
87.770000 10
87.810000 10
87.850000 10
87.890000 10
87.930000 10
87.970000 10
88.010000 10
88.050000 10
88.090000 10
88.130000 10
88.170000 10
88.210000 10
88.250000 10
88.290000 10
88.330000 10
88.370000 10
88.410000 10
88.450000 10
88.490000 10
88.530000 10
88.570000 10
88.610000 10
88.650000 10
88.690000 10
88.730000 10
88.770000 10
88.810000 10
88.850000 10
88.890000 10
88.930000 10
88.970000 10
89.010000 10
89.050000 10
89.090000 10
89.130000 10
89.170000 10
89.210000 10
89.250000 10
89.290000 10
89.330000 10
89.370000 10
89.410000 10
89.450000 10
89.490000 10
89.530000 10
89.570000 10
89.610000 10
89.650000 10
89.690000 10
89.730000 10
89.770000 10
89.810000 10
89.850000 10
89.890000 10
89.930000 10
89.970000 10
90.010000 10
90.050000 10
90.090000 10
90.130000 10
90.170000 10
90.210000 10
90.250000 10
90.290000 10
90.330000 10
90.370000 10
90.410000 10
90.450000 10
90.490000 10
90.530000 10
90.570000 10
90.610000 10
90.650000 10
90.690000 10
90.730000 10
90.770000 10
90.810000 10
90.850000 10
90.890000 10
90.930000 10
90.970000 10
91.010000 10
91.050000 10
91.090000 10
91.130000 10
91.170000 10
91.210000 10
91.250000 10
91.290000 10
91.330000 10
91.370000 10
91.410000 10
91.450000 10
91.490000 10
91.530000 10
91.570000 10
91.610000 10
91.650000 10
91.690000 10
91.730000 10
91.770000 10
91.810000 10
91.850000 10
91.890000 10
91.930000 10
91.970000 10
92.010000 10
92.050000 10
92.090000 10
92.130000 10
92.170000 10
92.210000 10
92.250000 10
92.290000 10
92.330000 10
92.370000 10
92.410000 10
92.450000 10
92.490000 10
92.530000 10
92.570000 10
92.610000 10
92.650000 10
92.690000 10
92.730000 10
92.770000 10
92.810000 10
92.850000 10
92.890000 10
92.930000 10
92.970000 10
93.010000 10
93.050000 10
93.090000 10
93.130000 10
93.170000 10
93.210000 10
93.250000 10
93.290000 10
93.330000 10
93.370000 10
93.410000 10
93.450000 10
93.490000 10
93.530000 10
93.570000 10
93.610000 10
93.650000 10
93.690000 10
93.730000 10
93.770000 10
93.810000 10
93.850000 10
93.890000 10
93.930000 10
93.970000 10
94.010000 10
94.050000 10
94.090000 10
94.130000 10
94.170000 10
94.210000 10
94.250000 10
94.290000 10
94.330000 10
94.370000 10
94.410000 10
94.450000 10
94.490000 10
94.530000 10
94.570000 10
94.610000 10
94.650000 10
94.690000 10
94.730000 10
94.770000 10
94.810000 10
94.850000 10
94.890000 10
94.930000 10
94.970000 10
95.010000 10
95.050000 10
95.090000 10
95.130000 10
95.170000 10
95.210000 10
95.250000 10
95.290000 10
95.330000 10
95.370000 10
95.410000 10
95.450000 10
95.490000 10
95.530000 10
95.570000 10
95.610000 10
95.650000 10
95.690000 10
95.730000 10
95.770000 10
95.810000 10
95.850000 10
95.890000 10
95.930000 10
95.970000 10
96.010000 10
96.050000 10
96.090000 10
96.130000 10
96.170000 10
96.210000 10
96.250000 10
96.290000 10
96.330000 10
96.370000 10
96.410000 10
96.450000 10
96.490000 10
96.530000 10
96.570000 10
96.610000 10
96.650000 10
96.690000 10
96.730000 10
96.770000 10
96.810000 10
96.850000 10
96.890000 10
96.930000 10
96.970000 10
97.010000 10
97.050000 10
97.090000 10
97.130000 10
97.170000 10
97.210000 10
97.250000 10
97.290000 10
97.330000 10
97.370000 10
97.410000 10
97.450000 10
97.490000 10
97.530000 10
97.570000 10
97.610000 10
97.650000 10
97.690000 10
97.730000 10
97.770000 10
97.810000 10
97.850000 10
97.890000 10
97.930000 10
97.970000 10
98.010000 10
98.050000 10
98.090000 10
98.130000 10
98.170000 10
98.210000 10
98.250000 10
98.290000 10
98.330000 10
98.370000 10
98.410000 10
98.450000 10
98.490000 10
98.530000 10
98.570000 10
98.610000 10
98.650000 10
98.690000 10
98.730000 10
98.770000 10
98.810000 10
98.850000 10
98.890000 10
98.930000 10
98.970000 10
99.010000 10
99.050000 10
99.090000 10
99.130000 10
99.170000 10
99.210000 10
99.250000 10
99.290000 10
99.330000 10
99.370000 10
99.410000 10
99.450000 10
99.490000 10
99.530000 10
99.570000 10
99.610000 10
99.650000 10
99.690000 10
99.730000 10
99.770000 10
99.810000 10
99.850000 10
99.890000 10
99.930000 10
99.970000 10
100.010000 10
100.050000 10
100.090000 10
100.130000 10
100.170000 10
100.210000 10
100.250000 10
100.290000 10
100.330000 10
100.370000 10
100.410000 10
100.450000 10
100.490000 10
100.530000 10
100.570000 10
100.610000 10
100.650000 10
100.690000 10
100.730000 10
100.770000 10
100.810000 10
100.850000 10
100.890000 10
100.930000 10
100.970000 10
101.010000 10
101.050000 10
101.090000 10
101.130000 10
101.170000 10
101.210000 10
101.250000 10
101.290000 10
101.330000 10
101.370000 10
101.410000 10
101.450000 10
101.490000 10
101.530000 10
101.570000 10
101.610000 10
101.650000 10
101.690000 10
101.730000 10
101.770000 10
101.810000 10
101.850000 10
101.890000 10
101.930000 10
101.970000 10
102.010000 10
102.050000 10
102.090000 10
102.130000 10
102.170000 10
102.210000 10
102.250000 10
102.290000 10
102.330000 10
102.370000 10
102.410000 10
102.450000 10
102.490000 10
102.530000 10
102.570000 10
102.610000 10
102.650000 10
102.690000 10
102.730000 10
102.770000 10
102.810000 10
102.850000 10
102.890000 10
102.930000 10
102.970000 10
103.010000 10
103.050000 10
103.090000 10
103.130000 10
103.170000 10
103.210000 10
103.250000 10
103.290000 10
103.330000 10
103.370000 10
103.410000 10
103.450000 10
103.490000 10
103.530000 10
103.570000 10
103.610000 10
103.650000 10
103.690000 10
103.730000 10
103.770000 10
103.810000 10
103.850000 10
103.890000 10
103.930000 10
103.970000 10
104.010000 10
104.050000 10
104.090000 10
104.130000 10
104.170000 10
104.210000 10
104.250000 10
104.290000 10
104.330000 10
104.370000 10
104.410000 10
104.450000 10
104.490000 10
104.530000 10
104.570000 10
104.610000 10
104.650000 10
104.690000 10
104.730000 10
104.770000 10
104.810000 10
104.850000 10
104.890000 10
104.930000 10
104.970000 10
105.010000 10
105.050000 10
105.090000 10
105.130000 10
105.170000 10
105.210000 10
105.250000 10
105.290000 10
105.330000 10
105.370000 10
105.410000 10
105.450000 10
105.490000 10
105.530000 10
105.570000 10
105.610000 10
105.650000 10
105.690000 10
105.730000 10
105.770000 10
105.810000 10
105.850000 10
105.890000 10
105.930000 10
105.970000 10
106.010000 10
106.050000 10
106.090000 10
106.130000 10
106.170000 10
106.210000 10
106.250000 10
106.290000 10
106.330000 10
106.370000 10
106.410000 10
106.450000 10
106.490000 10
106.530000 10
106.570000 10
106.610000 10
106.650000 10
106.690000 10
106.730000 10
106.770000 10
106.810000 10
106.850000 10
106.890000 10
106.930000 10
106.970000 10
107.010000 10
107.050000 10
107.090000 10
107.130000 10
107.170000 10
107.210000 10
107.250000 10
107.290000 10
107.330000 10
107.370000 10
107.410000 10
107.450000 10
107.490000 10
107.530000 10
107.570000 10
107.610000 10
107.650000 10
107.690000 10
107.730000 10
107.770000 10
107.810000 10
107.850000 10
107.890000 10
107.930000 10
107.970000 10
108.010000 10
108.050000 10
108.090000 10
108.130000 10
108.170000 10
108.210000 10
108.250000 10
108.290000 10
108.330000 10
108.370000 10
108.410000 10
108.450000 10
108.490000 10
108.530000 10
108.570000 10
108.610000 10
108.650000 10
108.690000 10
108.730000 10
108.770000 10
108.810000 10
108.850000 10
108.890000 10
108.930000 10
108.970000 10
109.010000 10
109.050000 10
109.090000 10
109.130000 10
109.170000 10
109.210000 10
109.250000 10
109.290000 10
109.330000 10
109.370000 10
109.410000 10
109.450000 10
109.490000 10
109.530000 10
109.570000 10
109.610000 10
109.650000 10
109.690000 10
109.730000 10
109.770000 10
109.810000 10
109.850000 10
109.890000 10
109.930000 10
109.970000 10
110.010000 10
110.050000 10
110.090000 10
110.130000 10
110.170000 10
110.210000 10
110.250000 10
110.290000 10
110.330000 10
110.370000 10
110.410000 10
110.450000 10
110.490000 10
110.530000 10
110.570000 10
110.610000 10
110.650000 10
110.690000 10
110.730000 10
110.770000 10
110.810000 10
110.850000 10
110.890000 10
110.930000 10
110.970000 10
111.010000 10
111.050000 10
111.090000 10
111.130000 10
111.170000 10
111.210000 10
111.250000 10
111.290000 10
111.330000 10
111.370000 10
111.410000 10
111.450000 10
111.490000 10
111.530000 10
111.570000 10
111.610000 10
111.650000 10
111.690000 10
111.730000 10
111.770000 10
111.810000 10
111.850000 10
111.890000 10
111.930000 10
111.970000 10
112.010000 10
112.050000 10
112.090000 10
112.130000 10
112.170000 10
112.210000 10
112.250000 10
112.290000 10
112.330000 10
112.370000 10
112.410000 10
112.450000 10
112.490000 10
112.530000 10
112.570000 10
112.610000 10
112.650000 10
112.690000 10
112.730000 10
112.770000 10
112.810000 10
112.850000 10
112.890000 10
112.930000 10
112.970000 10
113.010000 10
113.050000 10
113.090000 10
113.130000 10
113.170000 10
113.210000 10
113.250000 10
113.290000 10
113.330000 10
113.370000 10
113.410000 10
113.450000 10
113.490000 10
113.530000 10
113.570000 10
113.610000 10
113.650000 10
113.690000 10
113.730000 10
113.770000 10
113.810000 10
113.850000 10
113.890000 10
113.930000 10
113.970000 10
114.010000 10
114.050000 10
114.090000 10
114.130000 10
114.170000 10
114.210000 10
114.250000 10
114.290000 10
114.330000 10
114.370000 10
114.410000 10
114.450000 10
114.490000 10
114.530000 10
114.570000 10
114.610000 10
114.650000 10
114.690000 10
114.730000 10
114.770000 10
114.810000 10
114.850000 10
114.890000 10
114.930000 10
114.970000 10
115.010000 10
115.050000 10
115.090000 10
115.130000 10
115.170000 10
115.210000 10
115.250000 10
115.290000 10
115.330000 10
115.370000 10
115.410000 10
115.450000 10
115.490000 10
115.530000 10
115.570000 10
115.610000 10
115.650000 10
115.690000 10
115.730000 10
115.770000 10
115.810000 10
115.850000 10
115.890000 10
115.930000 10
115.970000 10
116.010000 10
116.050000 10
116.090000 10
116.130000 10
116.170000 10
116.210000 10
116.250000 10
116.290000 10
116.330000 10
116.370000 10
116.410000 10
116.450000 10
116.490000 10
116.530000 10
116.570000 10
116.610000 10
116.650000 10
116.690000 10
116.730000 10
116.770000 10
116.810000 10
116.850000 10
116.890000 10
116.930000 10
116.970000 10
117.010000 10
117.050000 10
117.090000 10
117.130000 10
117.170000 10
117.210000 10
117.250000 10
117.290000 10
117.330000 10
117.370000 10
117.410000 10
117.450000 10
117.490000 10
117.530000 10
117.570000 10
117.610000 10
117.650000 10
117.690000 10
117.730000 10
117.770000 10
117.810000 10
117.850000 10
117.890000 10
117.930000 10
117.970000 10
118.010000 10
118.050000 10
118.090000 10
118.130000 10
118.170000 10
118.210000 10
118.250000 10
118.290000 10
118.330000 10
118.370000 10
118.410000 10
118.450000 10
118.490000 10
118.530000 10
118.570000 10
118.610000 10
118.650000 10
118.690000 10
118.730000 10
118.770000 10
118.810000 10
118.850000 10
118.890000 10
118.930000 10
118.970000 10
119.010000 10
119.050000 10
119.090000 10
119.130000 10
119.170000 10
119.210000 10
119.250000 10
119.290000 10
119.330000 10
119.370000 10
119.410000 10
119.450000 10
119.490000 10
119.530000 10
119.570000 10
119.610000 10
119.650000 10
119.690000 10
119.730000 10
119.770000 10
119.810000 10
119.850000 10
119.890000 10
119.930000 10
119.970000 10
120.010000 10
120.050000 10
120.090000 10
120.130000 10
120.170000 10
120.210000 10
120.250000 10
120.290000 10
120.330000 10
120.370000 10
120.410000 10
120.450000 10
120.490000 10
120.530000 10
120.570000 10
120.610000 10
120.650000 10
120.690000 10
120.730000 10
120.770000 10
120.810000 10
120.850000 10
120.890000 10
120.930000 10
120.970000 10
121.010000 10
121.050000 10
121.090000 10
121.130000 10
121.170000 10
121.210000 10
121.250000 10
121.290000 10
121.330000 10
121.370000 10
121.410000 10
121.450000 10
121.490000 10
121.530000 10
121.570000 10
121.610000 10
121.650000 10
121.690000 10
121.730000 10
121.770000 10
121.810000 10
121.850000 10
121.890000 10
121.930000 10
121.970000 10
122.010000 10
122.050000 10
122.090000 10
122.130000 10
122.170000 10
122.210000 10
122.250000 10
122.290000 10
122.330000 10
122.370000 10
122.410000 10
122.450000 10
122.490000 10
122.530000 10
122.570000 10
122.610000 10
122.650000 10
122.690000 10
122.730000 10
122.770000 10
122.810000 10
122.850000 10
122.890000 10
122.930000 10
122.970000 10
123.010000 10
123.050000 10
123.090000 10
123.130000 10
123.170000 10
123.210000 10
123.250000 10
123.290000 10
123.330000 10
123.370000 10
123.410000 10
123.450000 10
123.490000 10
123.530000 10
123.570000 10
123.610000 10
123.650000 10
123.690000 10
123.730000 10
123.770000 10
123.810000 10
123.850000 10
123.890000 10
123.930000 10
123.970000 10
124.010000 10
124.050000 10
124.090000 10
124.130000 10
124.170000 10
124.210000 10
124.250000 10
124.290000 10
124.330000 10
124.370000 10
124.410000 10
124.450000 10
124.490000 10
124.530000 10
124.570000 10
124.610000 10
124.650000 10
124.690000 10
124.730000 10
124.770000 10
124.810000 10
124.850000 10
124.890000 10
124.930000 10
124.970000 10
125.010000 10
125.050000 10
125.090000 10
125.130000 10
125.170000 10
125.210000 10
125.250000 10
125.290000 10
125.330000 10
125.370000 10
125.410000 10
125.450000 10
125.490000 10
125.530000 10
125.570000 10
125.610000 10
125.650000 10
125.690000 10
125.730000 10
125.770000 10
