0.072160 0.000000
0.100000 0.000000
0.200000 0.000000
0.300000 0.000000
0.400015 0.000000
0.500000 0.000000
0.600000 0.000000
0.700000 0.000000
0.800000 0.000000
0.900000 0.000000
1.000009 0.000000
1.100005 0.000000
1.200000 0.000000
1.300000 0.000000
1.400000 0.000000
1.500000 0.000000
1.600000 0.000000
1.700010 0.000000
1.800000 0.000000
1.900000 0.000000
2.000000 0.000000
2.100000 0.000000
2.200000 0.000000
2.300000 0.000000
2.400000 0.000000
2.500000 0.000000
2.600000 0.000000
2.700006 0.000000
2.800006 0.000000
2.900000 0.000000
3.000000 0.000000
3.100000 0.000000
3.200000 0.000000
3.300000 0.000000
3.400015 0.000000
3.500008 0.000000
3.600000 0.000000
3.700000 0.000000
3.800000 0.000000
3.900000 0.000000
4.000000 0.000000
4.100000 0.000000
4.200015 0.000000
4.300000 0.000000
4.400000 0.000000
4.500000 0.000000
4.600000 0.000000
4.700000 0.000000
4.800000 0.000000
4.900000 0.000000
5.000023 0.000000
5.100014 0.000000
5.200007 0.000000
5.300000 0.000000
5.400000 0.000000
5.500000 0.000000
5.600005 0.000000
5.700000 0.000000
5.800000 0.000000
5.900000 0.000000
6.000000 0.000000
6.100000 0.000000
6.200000 0.000000
6.300000 0.000000
6.400000 0.000000
6.500000 0.000000
6.600000 0.000000
6.700008 0.000000
6.800016 0.000000
6.907009 0.000000
7.000000 0.000000
7.100000 0.000000
7.200013 0.000000
7.300000 0.000000
7.400005 0.000000
7.500000 0.000000
7.600024 0.000000
7.700000 0.000000
7.800006 0.000000
7.900000 0.000000
8.000000 0.000000
8.100000 0.000000
8.200011 0.000000
8.300005 0.000000
8.400000 0.000000
8.500009 0.000000
8.600000 0.000000
8.700000 0.000000
8.800005 0.000000
8.900000 0.000000
9.000000 0.000000
9.100000 0.000000
9.200000 0.000000
9.300000 0.000000
9.400000 0.000000
9.500006 0.000000
9.600000 0.000000
9.700000 0.000000
9.800000 0.000000
9.900000 0.000000
10.000000 0.000000
10.100000 0.000000
10.200011 0.000000
10.300000 0.000000
10.400000 0.000000
10.500000 0.000000
10.600000 0.000000
10.700005 0.000000
10.800000 0.000000
10.900000 0.000000
11.000015 0.000000
11.100000 0.000000
11.200006 0.000000
11.300000 0.000000
11.400005 0.000000
11.500000 0.000000
11.600000 0.000000
11.700000 0.000000
11.800000 0.000000
11.900000 0.000000
12.000010 0.000000
12.100000 0.000000
12.200000 0.000000
12.300000 0.000000
12.400006 0.000000
12.500000 0.000000
12.600000 0.000000
12.700020 0.000000
12.800000 0.000000
12.900000 0.000000
13.000000 0.000000
13.100000 0.000000
13.200000 0.000000
13.300000 0.000000
13.400024 0.000000
13.500031 0.000000
13.600000 0.000000
13.722120 0.000000
13.800000 0.000000
13.900000 0.000000
14.000000 0.000000
14.100000 6.283179
14.200000 6.283179
14.300000 6.283179
14.400000 6.283179
14.500000 6.283179
14.600018 6.283179
14.700030 6.283179
14.800000 6.283179
14.900000 6.283179
15.000000 6.283179
15.100000 6.283179
15.200025 6.283179
15.300000 6.283179
15.400000 6.283179
15.500000 6.283179
15.600000 6.283179
15.700000 6.283179
15.800000 6.283179
15.900000 6.283179
16.000000 6.283179
16.100000 6.283179
16.200000 6.283179
16.300000 6.283179
16.400060 6.283179
16.500000 6.283179
16.600000 6.283179
16.700000 6.283179
16.800032 6.283179
16.900000 6.283179
17.000000 6.283179
17.100045 6.283179
17.200000 6.283179
17.300000 6.283179
17.400061 6.283179
17.500025 6.283179
17.600000 6.283179
17.700000 6.283179
17.800034 6.283179
17.900000 6.283179
18.000000 6.283179
18.100000 6.283179
18.200000 6.283179
18.300000 6.283179
18.400000 6.283179
18.500000 0.000000
18.600015 0.000000
18.700000 0.000000
18.800000 0.000000
18.900000 0.000000
19.000000 0.000000
19.100028 0.000000
19.200038 0.000000
19.300000 0.000000
19.400000 0.000000
19.500000 0.000000
19.600000 0.000000
19.700000 0.000000
19.800000 0.000000
19.900000 0.000000
20.000000 0.000000
20.100000 0.000000
20.200012 0.000000
20.300000 0.000000
20.400000 0.000000
20.522391 0.000000
20.600000 0.000000
20.700000 0.000000
20.800000 0.000000
20.900000 0.000000
21.000013 0.000000
21.100000 0.000000
21.200020 0.000000
21.300000 0.000000
21.400000 0.000000
21.500000 0.000000
21.600014 0.000000
21.700000 0.000000
21.800000 0.000000
21.900013 0.000000
22.000000 0.000000
22.100000 0.000000
22.200000 0.000000
22.300000 0.000000
22.400014 0.000000
22.500000 0.000000
22.600000 0.000000
22.700000 0.000000
22.800000 0.000000
22.900000 0.000000
23.000000 0.000000
23.100000 0.000000
23.200000 0.000000
23.300000 0.000000
23.400000 0.000000
23.500000 0.000000
23.600000 0.000000
23.700000 0.000000
23.800000 0.000000
23.900011 0.000000
24.000000 0.000000
24.100000 0.000000
24.200000 0.000000
24.300015 0.000000
24.400000 0.048178
24.500000 0.048178
24.600038 0.096357
24.700000 0.096357
24.800000 0.096357
24.900000 0.144535
25.000000 0.144535
25.100000 0.192713
25.200000 0.192713
25.300000 0.192713
25.400000 0.240892
25.500000 0.240892
25.600000 0.240892
25.700000 0.289070
25.800000 0.289070
25.900000 0.289070
26.000010 0.337249
26.100000 0.337249
26.200000 0.337249
26.300000 0.385427
26.400000 0.385427
26.500000 0.385427
26.600000 0.433605
26.700000 0.433605
26.800000 0.433605
26.900000 0.481784
27.000000 0.481784
27.100000 0.481784
27.200000 0.481784
27.323655 0.529962
27.400000 0.529962
27.500000 0.529962
27.600000 0.578140
27.700004 0.578140
27.800000 0.578140
27.900000 0.626319
28.000021 0.626319
28.100000 0.626319
28.200000 0.626319
28.300022 0.674497
28.400000 0.674497
28.500000 0.722676
28.600000 0.722676
28.700000 0.722676
28.800004 0.770854
28.900014 0.770854
29.000000 0.770854
29.100000 0.819032
29.200000 0.819032
29.300000 0.819032
29.400008 0.867211
29.500000 0.867211
29.600000 0.867211
29.700000 0.915389
29.800000 0.915389
29.900013 0.915389
30.000000 0.963567
30.100000 0.963567
30.200000 0.963567
30.300000 1.011746
30.400007 1.011746
30.500000 1.011746
30.600016 1.059924
30.700000 1.059924
30.800000 1.059924
30.900000 1.108102
31.000000 1.108102
31.100009 1.108102
31.200000 1.108102
31.300000 1.156281
31.400000 1.156281
31.500000 1.156281
31.600000 1.204459
31.700000 1.204459
31.800000 1.204459
31.900000 1.252637
32.000000 1.252637
32.100000 1.252637
32.200021 1.300816
32.300000 1.300816
32.400000 1.300816
32.500000 1.348994
32.600018 1.348994
32.700000 1.348994
32.800010 1.397172
32.900000 1.397172
33.000000 1.397172
33.100000 1.445351
33.200000 1.445351
33.300000 1.445351
33.400012 1.493529
33.500000 1.493529
33.600000 1.493529
33.700000 1.541707
33.800000 1.541707
33.900000 1.541707
34.000022 1.541707
34.125735 1.589885
34.200000 1.589885
34.300000 1.589885
34.400023 1.638064
34.500000 1.638064
34.600000 1.686242
34.700000 1.686242
34.800000 1.686242
34.900000 1.734420
35.000000 1.734420
35.100000 1.734420
35.200000 1.782599
35.300000 1.782599
35.400000 1.782599
35.500000 1.830777
35.600000 1.830777
35.700014 1.830777
35.800000 1.878955
35.900000 1.878955
36.000016 1.878955
36.100000 1.927134
36.200000 1.927134
36.300006 1.927134
36.400000 1.975312
36.500000 1.975312
36.600000 1.975312
36.700000 1.975312
36.800000 2.023490
36.900000 2.023490
37.000000 2.023490
37.100000 2.071669
37.200016 2.071669
37.300000 2.071669
37.400000 2.119847
37.500008 2.119847
37.600000 2.119847
37.700000 2.168026
37.800015 2.168026
37.900011 2.168026
38.000000 2.216204
38.100000 2.216204
38.200000 2.216204
38.300000 2.264383
38.400000 2.264383
38.500000 2.264383
38.600012 2.312561
38.700000 2.312561
38.800000 2.312561
38.900000 2.312561
39.000000 2.263110
39.100000 2.263110
39.200000 2.263110
39.300000 2.213659
39.400000 2.213659
39.500000 2.213659
39.600031 2.164208
39.700000 2.164208
39.800000 2.164208
39.900048 2.164208
40.000000 2.114758
40.100000 2.114758
40.200000 2.114758
40.300000 2.065307
40.400000 2.065307
40.500000 2.065307
40.600000 2.015856
40.700036 2.015856
40.800067 2.015856
40.929405 1.966405
41.000000 1.966405
41.100000 1.966405
41.200032 1.966405
41.300000 1.916954
41.400031 1.916954
41.500000 1.916954
41.600000 1.867503
41.700000 1.867503
41.800027 1.867503
41.900000 1.818052
42.000018 1.818052
42.100000 1.818052
42.200000 1.818052
42.300000 1.768601
42.400000 1.768601
42.500000 1.768601
42.600000 1.719150
42.700000 1.719150
42.800000 1.719150
42.900000 1.669699
43.000015 1.669699
43.100000 1.669699
43.200000 1.669699
43.300000 1.620248
43.400000 1.620248
43.500000 1.620248
43.600000 1.570797
43.700000 1.570797
43.800000 1.570797
43.900000 1.521346
44.000000 1.521346
44.100000 1.521346
44.200025 1.521346
44.300000 1.471895
44.400000 1.471895
44.500000 1.471895
44.600000 1.422444
44.700000 1.422444
44.800000 1.422444
44.900000 1.372993
45.000000 1.372993
45.100000 1.372993
45.200000 1.372993
45.300000 1.323542
45.400000 1.323542
45.500000 1.323542
45.600000 1.274091
45.700000 1.274091
45.800000 1.274091
45.900000 1.224640
46.000012 1.224640
46.100000 1.224640
46.200000 1.224640
46.300000 1.175189
46.400020 1.175189
46.500000 1.175189
46.600000 1.125738
46.700023 1.125738
46.800000 1.125738
46.900000 1.076287
47.000000 1.076287
47.100000 1.076287
47.200000 1.076287
47.300000 1.026836
47.400012 1.026836
47.500016 1.026836
47.600000 0.977385
47.723572 0.977385
47.800000 0.977385
47.900000 0.927934
48.000000 0.927934
48.100000 0.927934
48.200000 0.878483
48.300000 0.878483
48.400000 0.878483
48.500000 0.878483
48.600000 0.829032
48.700000 0.829032
48.800000 0.829032
48.900000 0.877210
49.000000 0.877210
49.100008 0.877210
49.200000 0.925389
49.300027 0.925389
49.400000 0.925389
49.500000 0.925389
49.600000 0.973567
49.700000 0.973567
49.800000 0.973567
49.900014 1.021745
50.000000 1.021745
50.100000 1.021745
50.200000 1.069924
50.300000 1.069924
50.400000 1.069924
50.500000 1.118102
50.600000 1.118102
50.700000 1.118102
50.800009 1.118102
50.900000 1.166280
51.000016 1.166280
51.100000 1.166280
51.200000 1.214459
51.300000 1.214459
51.400000 1.214459
51.500010 1.262637
51.600000 1.262637
51.700000 1.262637
51.800000 1.262637
51.900000 1.310815
52.000000 1.310815
52.100000 1.310815
52.200018 1.358994
52.300000 1.358994
52.400000 1.358994
52.500000 1.407172
52.600000 1.407172
52.700000 1.407172
52.800000 1.455350
52.900000 1.455350
53.000019 1.455350
53.100014 1.503529
53.200000 1.503529
53.300000 1.503529
53.400000 1.551707
53.500000 1.551707
53.600000 1.551707
53.700000 1.599885
53.800000 1.599885
53.900000 1.599885
54.000000 1.599885
54.100000 1.648064
54.200000 1.648064
54.300000 1.648064
54.400016 1.696242
54.528254 1.696242
54.600000 1.696242
54.700000 1.744420
54.800018 1.744420
54.900000 1.744420
55.000022 1.744420
55.100000 1.792598
55.200020 1.792598
55.300000 1.792598
55.400025 1.840777
55.500000 1.840777
55.600000 1.840777
55.700000 1.888955
55.800000 1.888955
55.900000 1.888955
56.000000 1.937133
56.100014 1.937133
56.200008 1.937133
56.300000 1.985312
56.400000 1.985312
56.500000 1.985312
56.600000 1.985312
56.700000 2.033490
56.800000 2.033490
56.900000 2.033490
57.000000 2.081669
57.100000 2.081669
57.200000 2.081669
57.300000 2.129847
57.400000 2.129847
57.500000 2.129847
57.600000 2.129847
57.700000 2.178025
57.800024 2.178025
57.900000 2.178025
58.000000 2.226204
58.100000 2.226204
58.200000 2.226204
58.300009 2.274382
58.400000 2.274382
58.500000 2.274382
58.600000 2.322561
58.700000 2.322561
58.800015 2.322561
58.900000 2.322561
59.000000 2.370739
59.100000 2.370739
59.200000 2.370739
59.300000 2.418918
59.400007 2.418918
59.500000 2.418918
59.600017 2.467096
59.700000 2.467096
59.800000 2.467096
59.900011 2.515275
60.000000 2.515275
60.100000 2.515275
60.200000 2.563453
60.300000 2.563453
60.400000 2.563453
60.500000 2.611631
60.600009 2.611631
60.700000 2.611631
60.800000 2.611631
60.900006 2.659810
61.000000 2.659810
61.100000 2.659810
61.200000 2.707988
61.331183 2.707988
61.400000 2.707988
61.500000 2.756167
61.600000 2.756167
61.700000 2.756167
61.800000 2.804345
61.900000 2.804345
62.000018 2.804345
62.100000 2.804345
62.200003 2.852524
62.300000 2.852524
62.400016 2.852524
62.500000 2.900702
62.600000 2.900702
62.700000 2.900702
62.800000 2.900702
62.900000 2.948880
63.000009 2.948880
63.100000 2.948880
63.200000 2.997059
63.300000 2.997059
63.400000 2.997059
63.500043 3.045237
63.600000 3.045237
63.700000 3.045237
63.800000 3.093416
63.900000 3.093416
64.000000 3.093416
64.100000 3.141594
64.200000 3.141594
64.300000 3.141594
64.400027 3.141594
64.500000 3.141594
64.600000 3.141594
64.700028 3.141594
64.800000 3.141594
64.900000 3.141594
65.000000 3.141594
65.100000 3.141594
65.200000 3.141594
65.300000 3.141594
65.400062 3.141594
65.500000 3.141594
65.600032 3.141594
65.700000 3.141594
65.800000 3.141594
65.900000 3.141594
66.000000 3.141594
66.100000 3.141594
66.200000 3.141594
66.300041 3.141594
66.400021 3.141594
66.500000 3.141594
66.600000 3.141594
66.700000 3.141594
66.800000 3.141594
66.900000 3.141594
67.000000 3.141594
67.100000 3.141594
67.200000 3.141594
67.300000 3.141594
67.400000 3.141594
67.500000 3.141594
67.600000 3.141594
67.700000 3.141594
67.800000 3.141594
67.900000 3.141594
68.000025 3.141594
68.127355 3.141594
68.200000 3.141594
68.300000 3.141594
68.400000 3.141594
68.500000 3.141594
68.600020 3.141594
68.700000 3.141594
68.800000 3.141594
68.900000 3.141594
69.000023 3.141594
69.100016 3.141594
69.200000 3.141594
69.300000 3.141594
69.400000 3.141594
69.500000 3.141594
69.600000 3.141594
69.700023 3.141594
69.800000 3.141594
69.900000 3.141594
70.000000 3.141594
70.100000 3.141594
70.200000 3.141594
70.300200 3.141594
70.400000 3.141594
70.500000 3.141594
70.600000 3.141594
70.700020 3.141594
70.800000 3.141594
70.900000 3.141594
71.000000 3.141594
71.100000 3.141594
71.200017 3.141594
71.300000 3.141594
71.400000 3.141594
71.500000 3.141594
71.600000 3.141594
71.700000 3.141594
71.800000 3.141594
71.900000 3.141594
72.000000 3.141594
72.100000 3.141594
72.200022 3.141594
72.300000 3.141594
72.400000 3.141594
72.500000 3.141594
72.600000 3.141594
72.700000 3.141594
72.800000 3.141594
72.900000 3.141594
73.000009 3.141594
73.100000 3.141594
73.200000 3.141594
73.300000 3.141594
73.400020 3.141594
73.500000 3.141594
73.600019 3.141594
73.700000 3.141594
73.800000 3.141594
73.900022 3.141594
74.000000 3.141594
74.100000 3.141594
74.200015 3.141594
74.300000 3.141594
74.400000 3.141594
74.500000 3.141594
74.600000 3.141594
74.700000 3.141594
74.800000 3.141594
74.925510 3.141594
75.000000 3.141594
75.100000 3.189773
75.200000 3.189773
75.300000 3.237951
75.400000 3.237951
75.500000 3.286129
75.600000 3.286129
75.700000 3.286129
75.800000 3.334308
75.900000 3.334308
76.000019 3.334308
76.100000 3.382486
76.200000 3.382486
76.300000 3.382486
76.400009 3.430665
76.500000 3.430665
76.600000 3.430665
76.700000 3.478843
76.800018 3.478843
76.900006 3.478843
77.000009 3.527022
77.100000 3.527022
77.200000 3.527022
77.300000 3.575200
77.400000 3.575200
77.500027 3.575200
77.600000 3.623379
77.700000 3.623379
77.800000 3.623379
77.900000 3.671557
78.000005 3.671557
78.100000 3.671557
78.200000 3.671557
78.300008 3.719735
78.400000 3.719735
78.500000 3.719735
78.600029 3.767914
78.700000 3.767914
78.800000 3.767914
78.900000 3.816092
79.000022 3.816092
79.100000 3.816092
79.200000 3.816092
79.300000 3.864271
79.400000 3.864271
79.500000 3.864271
79.600000 3.912449
79.700000 3.912449
79.800008 3.912449
79.900016 3.960628
80.000000 3.960628
80.100000 3.960628
80.200000 4.008806
80.300000 4.008806
80.400020 4.008806
80.500000 4.056984
80.600000 4.056984
80.700000 4.056984
80.800000 4.056984
80.900000 4.105162
81.000000 4.105162
81.100000 4.105162
81.200000 4.153340
81.300008 4.153340
81.400000 4.153340
81.500000 4.201519
81.600015 4.201519
81.728105 4.201519
81.800000 4.249697
81.900000 4.249697
82.000017 4.249697
82.100000 4.297875
82.200000 4.297875
82.300000 4.346053
82.400000 4.346053
82.500000 4.346053
82.600020 4.394231
82.700000 4.394231
82.800018 4.394231
82.900000 4.442410
83.000000 4.442410
83.100000 4.442410
83.200000 4.490588
83.300021 4.490588
83.400000 4.490588
83.500000 4.538766
83.600014 4.538766
83.700000 4.538766
83.800000 4.538766
83.900000 4.586944
84.000000 4.586944
84.100000 4.586944
84.200000 4.635122
84.300000 4.635122
84.400000 4.635122
84.500000 4.683300
84.600000 4.683300
84.700000 4.683300
84.800011 4.683300
84.900000 4.731479
85.000000 4.731479
85.100039 4.731479
85.200000 4.779657
85.300000 4.779657
85.400015 4.779657
85.500000 4.827835
85.600000 4.827835
85.700000 4.827835
85.800000 4.876013
85.900000 4.876013
86.000000 4.876013
86.100000 4.924191
86.200000 4.924191
86.300000 4.924191
86.400000 4.972370
86.500002 4.972370
86.600000 4.972370
86.700015 5.020548
86.800000 5.020548
86.900000 5.020548
87.000018 5.068726
87.100000 5.068726
87.200009 5.068726
87.300000 5.068726
87.400000 5.116904
87.500017 5.116904
87.600000 5.116904
87.700000 5.165082
87.800000 5.165082
87.900000 5.165082
88.000000 5.165082
88.100000 5.213261
88.200000 5.213261
88.300000 5.213261
88.400000 5.261439
88.526772 5.261439
88.600000 5.261439
88.700000 5.309617
88.800019 5.309617
88.900000 5.309617
89.000005 5.357795
89.100000 5.357795
89.200001 5.357795
89.300000 5.405973
89.400071 5.405973
89.500000 5.405973
89.600000 5.454152
89.700000 5.454152
89.800000 5.454152
89.900000 5.404701
90.000000 5.404701
90.100000 5.404701
90.200000 5.404701
90.300000 5.355250
90.400000 5.355250
90.500000 5.355250
90.600032 5.355250
90.700000 5.305799
90.800000 5.305799
90.900000 5.305799
91.000000 5.256348
91.100000 5.256348
91.200000 5.256348
91.300000 5.256348
91.400000 5.206897
91.500000 5.206897
91.600000 5.206897
91.700000 5.157446
91.800061 5.157446
91.900026 5.157446
92.000000 5.157446
92.100000 5.107996
92.200000 5.107996
92.300019 5.107996
92.400021 5.058545
92.500000 5.058545
92.600000 5.058545
92.700000 5.009094
92.800000 5.009094
92.900000 5.009094
93.000060 5.009094
93.100000 4.959643
93.200000 4.959643
93.300000 4.959643
93.400012 4.910192
93.500022 4.910192
93.600000 4.910192
93.700000 4.910192
93.800000 4.860741
93.900016 4.860741
94.000018 4.860741
94.100000 4.811290
94.200000 4.811290
94.300000 4.811290
94.400000 4.761839
94.500000 4.761839
94.600023 4.761839
94.700000 4.712389
94.800000 4.712389
94.900000 4.712389
95.000000 4.662938
95.100000 4.662938
95.200030 4.662938
95.326458 4.662938
95.400000 4.613487
95.500000 4.613487
95.600020 4.613487
95.700000 4.564036
95.800052 4.564036
95.900000 4.564036
96.000000 4.564036
96.100000 4.514585
96.200032 4.514585
96.300000 4.514585
96.400017 4.465134
96.500000 4.465134
96.600000 4.465134
96.700000 4.465134
96.800015 4.415683
96.900000 4.415683
97.000012 4.415683
97.100000 4.366232
97.200000 4.366232
97.300000 4.366232
97.400016 4.366232
97.500000 4.316782
97.600000 4.316782
97.700000 4.316782
97.800000 4.267331
97.900018 4.267331
98.000016 4.267331
98.100000 4.267331
98.200000 4.217880
98.300000 4.217880
98.400000 4.217880
98.500000 4.168429
98.600000 4.168429
98.700017 4.168429
98.800000 4.168429
98.900000 4.118978
99.000000 4.118978
99.100020 4.118978
99.200000 4.069527
99.300000 4.069527
99.400000 4.069527
99.500000 4.020076
99.600000 4.020076
99.700000 4.020076
99.800000 3.970625
99.900000 3.970625
100.000000 3.970625
100.100000 3.970625
100.200000 4.018804
100.300000 4.018804
100.400000 4.018804
100.500000 4.066982
100.600014 4.066982
100.700015 4.066982
100.800035 4.115160
100.900007 4.115160
101.000000 4.115160
101.100017 4.163338
101.200000 4.163338
101.300000 4.163338
101.400016 4.211516
101.500000 4.211516
101.600000 4.211516
101.700000 4.211516
101.800000 4.259695
101.900034 4.259695
102.000000 4.259695
102.126714 4.307873
102.200000 4.307873
102.300000 4.307873
102.400020 4.356051
102.500000 4.356051
102.600019 4.356051
102.700000 4.356051
102.800000 4.404229
102.900000 4.404229
103.000020 4.404229
103.100000 4.452407
103.200014 4.452407
103.300000 4.452407
103.400000 4.452407
103.500005 4.500586
103.600008 4.500586
103.700024 4.500586
103.800000 4.548764
103.900000 4.548764
104.000000 4.548764
104.100000 4.596942
104.200008 4.596942
104.300000 4.596942
104.400000 4.645120
104.500000 4.645120
104.600000 4.645120
104.700000 4.645120
104.800021 4.693298
104.900000 4.693298
105.000000 4.693298
105.100000 4.741477
105.200005 4.741477
105.300000 4.741477
105.400000 4.789655
105.500000 4.789655
105.600000 4.789655
105.700000 4.837833
105.800015 4.837833
105.900000 4.837833
106.000000 4.886011
106.100000 4.886011
106.200000 4.886011
106.300000 4.934189
106.400000 4.934189
106.500000 4.934189
106.600000 4.982368
106.700000 4.982368
106.800000 4.982368
106.900000 4.982368
107.000016 5.030546
107.100000 5.030546
107.200009 5.030546
107.300008 5.078724
107.400000 5.078724
107.500000 5.078724
107.600000 5.126902
107.700000 5.126902
107.800000 5.126902
107.900017 5.175080
108.000000 5.175080
108.100000 5.175080
108.200000 5.175080
108.300000 5.223258
108.400000 5.223258
108.500000 5.223258
108.600000 5.271437
108.700008 5.271437
108.800000 5.271437
108.927811 5.319615
109.000000 5.319615
109.100000 5.319615
109.200020 5.319615
109.300000 5.367793
109.400000 5.367793
109.500000 5.367793
109.600000 5.415971
109.700000 5.415971
109.800000 5.415971
109.900000 5.464149
110.000021 5.464149
110.100000 5.464149
110.200000 5.464149
110.300000 5.512328
110.400000 5.512328
110.500000 5.512328
110.600000 5.560506
110.700000 5.560506
110.800000 5.560506
110.900000 5.608684
111.000008 5.608684
111.100000 5.608684
111.200000 5.656862
111.300000 5.656862
111.400000 5.656862
111.500000 5.705040
111.600017 5.705040
111.700000 5.705040
111.800000 5.753219
111.900000 5.753219
112.000000 5.753219
112.100000 5.801397
112.200016 5.801397
112.300018 5.801397
112.400000 5.801397
112.500000 5.849575
112.600000 5.849575
112.700014 5.849575
112.800000 5.897753
112.900000 5.897753
113.000000 5.897753
113.100000 5.945931
113.200014 5.945931
113.300000 5.945931
113.400000 5.994110
113.500000 5.994110
113.600000 5.994110
113.700000 5.994110
113.800007 6.042288
113.900015 6.042288
114.000000 6.042288
114.100000 6.090466
114.200000 6.090466
114.300008 6.090466
114.400000 6.138644
114.500000 6.138644
114.600000 6.138644
114.700000 6.186822
114.800000 6.186822
114.900000 6.186822
115.000000 6.186822
115.100000 6.235001
115.200000 6.235001
115.300000 6.235001
115.400031 6.283179
115.500039 6.283179
115.600000 6.283179
115.726665 6.283179
115.800000 6.283179
115.900000 6.283179
116.000000 6.283179
116.100000 6.283179
116.200038 6.283179
116.300000 6.283179
116.400000 6.283179
116.500000 6.283179
116.600000 6.283179
116.700000 6.283179
116.800032 6.283179
116.900000 6.283179
117.000000 6.283179
117.100000 6.283179
117.200000 6.283179
117.300000 6.283179
117.400024 6.283179
117.500000 6.283179
117.600000 6.283179
117.700000 6.283179
117.800016 6.283179
117.900000 6.283179
118.000000 6.283179
118.100000 6.283179
118.200000 6.283179
118.300000 6.283179
118.400000 6.283179
118.500000 6.283179
118.600000 6.283179
118.700000 6.283179
118.800024 6.283179
118.900000 6.283179
119.000000 6.283179
119.100000 6.283179
119.200000 6.283179
119.300000 6.283179
119.400000 6.283179
119.500000 6.283179
119.600019 6.283179
119.700000 6.283179
119.800000 6.283179
119.900000 6.283179
120.000041 6.283179
120.100000 6.283179
120.200014 6.283179
120.300000 6.283179
120.400000 6.283179
120.500000 6.283179
120.600021 6.283179
120.700022 6.283179
120.800000 6.283179
120.900000 0.000000
121.000007 0.000000
121.100000 0.000000
121.200005 0.000000
121.300000 0.000000
121.400000 0.000000
121.500000 0.000000
121.600000 0.000000
121.700000 0.000000
121.800000 0.000000
121.900000 0.000000
122.000000 0.000000
122.100000 0.000000
122.200000 0.000000
122.300008 0.000000
122.400000 0.000000
122.519939 0.000000
122.600000 0.000000
122.700000 0.000000
122.800000 0.000000
122.900000 0.000000
123.000000 0.000000
123.100000 0.000000
123.200016 0.000000
123.300000 0.000000
123.400000 0.000000
123.500000 0.000000
123.600005 0.000000
123.700000 0.000000
123.800000 0.000000
123.900005 0.000000
124.000000 0.000000
124.100000 0.000000
124.200000 0.000000
124.300000 0.000000
124.400000 0.000000
124.500000 0.000000
124.600007 0.000000
124.700000 0.000000
124.800000 0.000000
124.900000 0.000000
125.000000 0.000000
125.100005 0.000000
125.200000 0.000000
125.300000 0.000000
125.400000 0.000000
125.500000 0.000000
125.600000 0.000000
125.700000 0.000000
