0.072160 0.000000
0.100000 0.000000
0.200000 0.000000
0.300000 0.000000
0.400015 0.000000
0.500000 0.000000
0.600000 0.000000
0.700000 0.000000
0.800000 0.000000
0.900000 0.000000
1.000009 0.000000
1.100005 0.000000
1.200000 0.000000
1.300000 0.000000
1.400000 0.000000
1.500000 0.000000
1.600000 0.000000
1.700010 0.000000
1.800000 0.000000
1.900000 0.000000
2.000000 0.000000
2.100000 0.000000
2.200000 0.000000
2.300000 0.000000
2.400000 0.000000
2.500000 0.000000
2.600000 0.000000
2.700006 0.000000
2.800006 0.000000
2.900000 0.000000
3.000000 0.000000
3.100000 0.000000
3.200000 0.000000
3.300000 0.000000
3.400015 0.000000
3.500008 0.000000
3.600000 0.000000
3.700000 0.000000
3.800000 0.000000
3.900000 0.000000
4.000000 0.000000
4.100000 0.000000
4.200015 0.000000
4.300000 0.000000
4.400000 0.000000
4.500000 0.000000
4.600000 0.000000
4.700000 0.000000
4.800000 0.000000
4.900000 0.000000
5.000023 0.000000
5.100014 0.000000
5.200007 0.000000
5.300000 0.000000
5.400000 0.000000
5.500000 0.000000
5.600005 0.000000
5.700000 0.000000
5.800000 0.000000
5.900000 0.000000
6.000000 0.000000
6.100000 0.000000
6.200000 0.000000
6.300000 0.000000
6.400000 0.000000
6.500000 0.000000
6.600000 0.000000
6.700008 0.000000
6.800016 0.000000
6.907009 0.000000
7.000000 0.000000
7.100000 0.000000
7.200013 0.000000
7.300000 0.000000
7.400005 0.000000
7.500000 0.000000
7.600024 0.000000
7.700000 0.000000
7.800006 0.000000
7.900000 0.000000
8.000000 0.000000
8.100000 0.000000
8.200011 0.000000
8.300005 0.000000
8.400000 0.000000
8.500009 0.000000
8.600000 0.000000
8.700000 0.000000
8.800005 0.000000
8.900000 0.000000
9.000000 0.000000
9.100000 0.000000
9.200000 0.000000
9.300000 0.000000
9.400000 0.000000
9.500006 0.000000
9.600000 0.000000
9.700000 0.000000
9.800000 0.000000
9.900000 0.000000
10.000000 0.000000
10.100000 0.000000
10.200011 0.000000
10.300000 0.000000
10.400000 0.000000
10.500000 0.000000
10.600000 0.000000
10.700005 0.000000
10.800000 0.000000
10.900000 0.000000
11.000015 0.000000
11.100000 0.000000
11.200006 0.000000
11.300000 0.000000
11.400005 0.000000
11.500000 0.000000
11.600000 0.000000
11.700000 0.000000
11.800000 0.000000
11.900000 0.000000
12.000010 0.000000
12.100000 0.000000
12.200000 0.000000
12.300000 0.000000
12.400006 0.000000
12.500000 0.000000
12.600000 0.000000
12.700020 0.000000
12.800000 0.000000
12.900000 0.000000
13.000000 0.000000
13.100000 0.000000
13.200000 0.000000
13.300000 0.000000
13.400024 0.000000
13.500031 0.000000
13.600000 0.000000
13.722120 0.000000
13.800000 0.000000
13.900000 0.000000
14.000000 0.000000
14.100000 -0.000007
14.200000 -0.000007
14.300000 -0.000007
14.400000 -0.000007
14.500000 -0.000007
14.600018 -0.000007
14.700030 -0.000007
14.800000 -0.000007
14.900000 -0.000007
15.000000 -0.000007
15.100000 -0.000032
15.200025 -0.000709
15.300000 -0.002109
15.400000 -0.005659
15.500000 -0.010652
15.600000 -0.018050
15.700000 -0.027226
15.800000 -0.037699
15.900000 -0.049738
16.000000 -0.062813
16.100000 -0.077369
16.200000 -0.090817
16.300000 -0.104743
16.400060 -0.117531
16.500000 -0.129972
16.600000 -0.141515
16.700000 -0.151453
16.800032 -0.160985
16.900000 -0.167904
17.000000 -0.174264
17.100045 -0.178757
17.200000 -0.180987
17.300000 -0.181875
17.400061 -0.180483
17.500025 -0.176877
17.600000 -0.171528
17.700000 -0.161835
17.800034 -0.155490
17.900000 -0.143829
18.000000 -0.130616
18.100000 -0.115785
18.200000 -0.103889
18.300000 -0.087494
18.400000 -0.074713
18.500000 -0.058685
18.600015 -0.042991
18.700000 -0.030685
18.800000 -0.016809
18.900000 -0.007427
19.000000 0.001019
19.100028 0.009217
19.200038 0.015263
19.300000 0.017839
19.400000 0.019735
19.500000 0.020060
19.600000 0.019082
19.700000 0.017783
19.800000 0.015147
19.900000 0.012672
20.000000 0.010078
20.100000 0.007099
20.200012 0.004749
20.300000 0.001574
20.400000 -0.000700
20.522391 -0.003810
20.600000 -0.004962
20.700000 -0.006512
20.800000 -0.007048
20.900000 -0.006947
21.000013 -0.006533
21.100000 -0.005318
21.200020 -0.004198
21.300000 -0.002849
21.400000 -0.001397
21.500000 -0.000399
21.600014 0.001066
21.700000 0.001497
21.800000 0.002849
21.900013 0.004655
22.000000 0.006494
22.100000 0.007758
22.200000 0.008494
22.300000 0.008616
22.400014 0.007990
22.500000 0.005527
22.600000 0.003342
22.700000 0.000011
22.800000 -0.002023
22.900000 -0.004940
23.000000 -0.006479
23.100000 -0.008019
23.200000 -0.008646
23.300000 -0.008521
23.400000 -0.007934
23.500000 -0.006491
23.600000 -0.005224
23.700000 -0.003602
23.800000 -0.001640
23.900011 0.001176
24.000000 0.003266
24.100000 0.005505
24.200000 0.005861
24.300015 0.006017
24.400000 0.005001
24.500000 0.004546
24.600038 0.004252
24.700000 0.013342
24.800000 0.030392
24.900000 0.061165
25.000000 0.095058
25.100000 0.128639
25.200000 0.165747
25.300000 0.204398
25.400000 0.243142
25.500000 0.280783
25.600000 0.308063
25.700000 0.332352
25.800000 0.353831
25.900000 0.365783
26.000010 0.375837
26.100000 0.386371
26.200000 0.397610
26.300000 0.411182
26.400000 0.421517
26.500000 0.430046
26.600000 0.442200
26.700000 0.453874
26.800000 0.462761
26.900000 0.474825
27.000000 0.488472
27.100000 0.499378
27.200000 0.509810
27.323655 0.527781
27.400000 0.537596
27.500000 0.549553
27.600000 0.565717
27.700004 0.581158
27.800000 0.594451
27.900000 0.607348
28.000021 0.624256
28.100000 0.637885
28.200000 0.652318
28.300022 0.672416
28.400000 0.692487
28.500000 0.708945
28.600000 0.728707
28.700000 0.750528
28.800004 0.776191
28.900014 0.801928
29.000000 0.821132
29.100000 0.839729
29.200000 0.858049
29.300000 0.869799
29.400008 0.880426
29.500000 0.893235
29.600000 0.907127
29.700000 0.923091
29.800000 0.936920
29.900013 0.949641
30.000000 0.964987
30.100000 0.979617
30.200000 0.990506
30.300000 1.004277
30.400007 1.020266
30.500000 1.032240
30.600016 1.043924
30.700000 1.059789
30.800000 1.074808
30.900000 1.087843
31.000000 1.104844
31.100009 1.122298
31.200000 1.134541
31.300000 1.150517
31.400000 1.166026
31.500000 1.188542
31.600000 1.206464
31.700000 1.226026
31.800000 1.242569
31.900000 1.265910
32.000000 1.285614
32.100000 1.298425
32.200021 1.316581
32.300000 1.330165
32.400000 1.343299
32.500000 1.354426
32.600018 1.369530
32.700000 1.379103
32.800010 1.389961
32.900000 1.403247
33.000000 1.421647
33.100000 1.443435
33.200000 1.459149
33.300000 1.476324
33.400012 1.493265
33.500000 1.512767
33.600000 1.524433
33.700000 1.541182
33.800000 1.555337
33.900000 1.570350
34.000022 1.581177
34.125735 1.604228
34.200000 1.616330
34.300000 1.630750
34.400023 1.649610
34.500000 1.664539
34.600000 1.680172
34.700000 1.692718
34.800000 1.710731
34.900000 1.727853
35.000000 1.751152
35.100000 1.765569
35.200000 1.784054
35.300000 1.805153
35.400000 1.823638
35.500000 1.848017
35.600000 1.862820
35.700014 1.880047
35.800000 1.894169
35.900000 1.909035
36.000016 1.920775
36.100000 1.932758
36.200000 1.947795
36.300006 1.956457
36.400000 1.968234
36.500000 1.980068
36.600000 1.991966
36.700000 1.999989
36.800000 2.015152
36.900000 2.026679
37.000000 2.038559
37.100000 2.049945
37.200016 2.069744
37.300000 2.084713
37.400000 2.098365
37.500008 2.121116
37.600000 2.138274
37.700000 2.158674
37.800015 2.177611
37.900011 2.200981
38.000000 2.222532
38.100000 2.247461
38.200000 2.263095
38.300000 2.282894
38.400000 2.298008
38.500000 2.311725
38.600012 2.325066
38.700000 2.337265
38.800000 2.349787
38.900000 2.357128
39.000000 2.368942
39.100000 2.377821
39.200000 2.384844
39.300000 2.385483
39.400000 2.375167
39.500000 2.362848
39.600031 2.344875
39.700000 2.318065
39.800000 2.284360
39.900048 2.249707
40.000000 2.214205
40.100000 2.169812
40.200000 2.134650
40.300000 2.091249
40.400000 2.057651
40.500000 2.016013
40.600000 1.982074
40.700036 1.949096
40.800067 1.927195
40.929405 1.899591
41.000000 1.886726
41.100000 1.878208
41.200032 1.867968
41.300000 1.860139
41.400031 1.855688
41.500000 1.851889
41.600000 1.845156
41.700000 1.840584
41.800027 1.836178
41.900000 1.826713
42.000018 1.814431
42.100000 1.807769
42.200000 1.794413
42.300000 1.781813
42.400000 1.766203
42.500000 1.749915
42.600000 1.735119
42.700000 1.716425
42.800000 1.703152
42.900000 1.684551
43.000015 1.669245
43.100000 1.652487
43.200000 1.638549
43.300000 1.618580
43.400000 1.604806
43.500000 1.590721
43.600000 1.571855
43.700000 1.556588
43.800000 1.541870
43.900000 1.528631
44.000000 1.510709
44.100000 1.499395
44.200025 1.484738
44.300000 1.471411
44.400000 1.455646
44.500000 1.443983
44.600000 1.428035
44.700000 1.409435
44.800000 1.395062
44.900000 1.382512
45.000000 1.367142
45.100000 1.350229
45.200000 1.335357
45.300000 1.320678
45.400000 1.303589
45.500000 1.290009
45.600000 1.277284
45.700000 1.260241
45.800000 1.249912
45.900000 1.235865
46.000012 1.221902
46.100000 1.205670
46.200000 1.194020
46.300000 1.177517
46.400020 1.162653
46.500000 1.148017
46.600000 1.134660
46.700023 1.113870
46.800000 1.096810
46.900000 1.084484
47.000000 1.065840
47.100000 1.046352
47.200000 1.025166
47.300000 1.007129
47.400012 0.992453
47.500016 0.982614
47.600000 0.970711
47.723572 0.956677
47.800000 0.944867
47.900000 0.934925
48.000000 0.920278
48.100000 0.902350
48.200000 0.881643
48.300000 0.862592
48.400000 0.848190
48.500000 0.828604
48.600000 0.804406
48.700000 0.793194
48.800000 0.779713
48.900000 0.763920
49.000000 0.751001
49.100008 0.744102
49.200000 0.747015
49.300027 0.757533
49.400000 0.775604
49.500000 0.799596
49.600000 0.830826
49.700000 0.859989
49.800000 0.887690
49.900014 0.923867
50.000000 0.960914
50.100000 0.994927
50.200000 1.027381
50.300000 1.060680
50.400000 1.091750
50.500000 1.120679
50.600000 1.148891
50.700000 1.170970
50.800009 1.189570
50.900000 1.207252
51.000016 1.223688
51.100000 1.233191
51.200000 1.243225
51.300000 1.254733
51.400000 1.262473
51.500010 1.269341
51.600000 1.279073
51.700000 1.288494
51.800000 1.297794
51.900000 1.309190
52.000000 1.323312
52.100000 1.336096
52.200018 1.349960
52.300000 1.369429
52.400000 1.392348
52.500000 1.415431
52.600000 1.436412
52.700000 1.455413
52.800000 1.474431
52.900000 1.490641
53.000019 1.504003
53.100014 1.519526
53.200000 1.535287
53.300000 1.545930
53.400000 1.556978
53.500000 1.571130
53.600000 1.582510
53.700000 1.592462
53.800000 1.606339
53.900000 1.622144
54.000000 1.641569
54.100000 1.659114
54.200000 1.674477
54.300000 1.691598
54.400016 1.706918
54.528254 1.724988
54.600000 1.733576
54.700000 1.748962
54.800018 1.759667
54.900000 1.770198
55.000022 1.776678
55.100000 1.784047
55.200020 1.796207
55.300000 1.811873
55.400025 1.832315
55.500000 1.848508
55.600000 1.866659
55.700000 1.888245
55.800000 1.907213
55.900000 1.923502
56.000000 1.941318
56.100014 1.958694
56.200008 1.971400
56.300000 1.984995
56.400000 1.999839
56.500000 2.010540
56.600000 2.019924
56.700000 2.033994
56.800000 2.046306
56.900000 2.057130
57.000000 2.069475
57.100000 2.082956
57.200000 2.095872
57.300000 2.109130
57.400000 2.126845
57.500000 2.141868
57.600000 2.156387
57.700000 2.175610
57.800024 2.195536
57.900000 2.211659
58.000000 2.228798
58.100000 2.247278
58.200000 2.268272
58.300009 2.289783
58.400000 2.304829
58.500000 2.320847
58.600000 2.338835
58.700000 2.352579
58.800015 2.363527
58.900000 2.377836
59.000000 2.390277
59.100000 2.400721
59.200000 2.411292
59.300000 2.424441
59.400007 2.433932
59.500000 2.443609
59.600017 2.459455
59.700000 2.473965
59.800000 2.485217
59.900011 2.501559
60.000000 2.518355
60.100000 2.533239
60.200000 2.548890
60.300000 2.565835
60.400000 2.581691
60.500000 2.596445
60.600009 2.613898
60.700000 2.632010
60.800000 2.647173
60.900006 2.662999
61.000000 2.680202
61.100000 2.700998
61.200000 2.721783
61.331183 2.744563
61.400000 2.754581
61.500000 2.772139
61.600000 2.785644
61.700000 2.797156
61.800000 2.811111
61.900000 2.823514
62.000018 2.833680
62.100000 2.845384
62.200003 2.858791
62.300000 2.868805
62.400016 2.879689
62.500000 2.894266
62.600000 2.906831
62.700000 2.918552
62.800000 2.933476
62.900000 2.950020
63.000009 2.965112
63.100000 2.979891
63.200000 2.999253
63.300000 3.015712
63.400000 3.030345
63.500043 3.048366
63.600000 3.065142
63.700000 3.078009
63.800000 3.093165
63.900000 3.108965
64.000000 3.120791
64.100000 3.132801
64.200000 -3.136494
64.300000 -3.122956
64.400027 -3.112783
64.500000 -3.098942
64.600000 -3.083350
64.700028 -3.072013
64.800000 -3.062114
64.900000 -3.055793
65.000000 -3.054152
65.100000 -3.055994
65.200000 -3.063540
65.300000 -3.072131
65.400062 -3.083071
65.500000 -3.094488
65.600032 -3.105958
65.700000 -3.116628
65.800000 -3.126077
65.900000 -3.134637
66.000000 3.140684
66.100000 3.134029
66.200000 3.129997
66.300041 3.126881
66.400021 3.125540
66.500000 3.124270
66.600000 3.124817
66.700000 3.126448
66.800000 3.128583
66.900000 3.131913
67.000000 3.135541
67.100000 3.138636
67.200000 -3.141001
67.300000 -3.138306
67.400000 -3.136703
67.500000 -3.136215
67.600000 -3.136066
67.700000 -3.137101
67.800000 -3.138799
67.900000 -3.140841
68.000025 3.140617
68.127355 3.138192
68.200000 3.137401
68.300000 3.137126
68.400000 3.136872
68.500000 3.137660
68.600020 3.138385
68.700000 3.139545
68.800000 3.140896
68.900000 -3.140960
69.000023 -3.139649
69.100016 -3.139051
69.200000 -3.138836
69.300000 -3.138596
69.400000 -3.139667
69.500000 -3.140564
69.600000 -3.141578
69.700023 3.140511
69.800000 3.139422
69.900000 3.138618
70.000000 3.138115
70.100000 3.137999
70.200000 3.138472
70.300200 3.138865
70.400000 3.139733
70.500000 3.140216
70.600000 3.141300
70.700020 -3.140947
70.800000 -3.140468
70.900000 -3.139796
71.000000 -3.139231
71.100000 -3.138654
71.200017 -3.138238
71.300000 -3.138365
71.400000 -3.138489
71.500000 -3.138885
71.600000 -3.140486
71.700000 3.140934
71.800000 3.139624
71.900000 3.138549
72.000000 3.137984
72.100000 3.137361
72.200022 3.136898
72.300000 3.137043
72.400000 3.137956
72.500000 3.139671
72.600000 3.141253
72.700000 -3.140077
72.800000 -3.139203
72.900000 -3.138592
73.000009 -3.138557
73.100000 -3.139410
73.200000 -3.140908
73.300000 3.141201
73.400020 3.139813
73.500000 3.138689
73.600019 3.137785
73.700000 3.137444
73.800000 3.137519
73.900022 3.137868
74.000000 3.138852
74.100000 3.139992
74.200015 3.140930
74.300000 3.141591
74.400000 -3.140923
74.500000 -3.139938
74.600000 -3.139080
74.700000 -3.138452
74.800000 -3.137964
74.925510 -3.137746
75.000000 -3.137954
75.100000 -3.139343
75.200000 -3.140000
75.300000 -3.139125
75.400000 -3.123699
75.500000 -3.103372
75.600000 -3.069947
75.700000 -3.035756
75.800000 -3.001844
75.900000 -2.963763
76.000019 -2.925439
76.100000 -2.886808
76.200000 -2.855519
76.300000 -2.829109
76.400009 -2.805770
76.500000 -2.785232
76.600000 -2.775075
76.700000 -2.765518
76.800018 -2.755589
76.900006 -2.742229
77.000009 -2.728736
77.100000 -2.719441
77.200000 -2.709714
77.300000 -2.697400
77.400000 -2.686826
77.500027 -2.677553
77.600000 -2.665187
77.700000 -2.652257
77.800000 -2.641230
77.900000 -2.628146
78.000005 -2.612511
78.100000 -2.599503
78.200000 -2.586589
78.300008 -2.569583
78.400000 -2.554605
78.500000 -2.542106
78.600029 -2.526497
78.700000 -2.509815
78.800000 -2.495852
78.900000 -2.482458
79.000022 -2.465377
79.100000 -2.450289
79.200000 -2.437808
79.300000 -2.420475
79.400000 -2.405030
79.500000 -2.390156
79.600000 -2.370932
79.700000 -2.354770
79.800008 -2.328244
79.900016 -2.307323
80.000000 -2.288256
80.100000 -2.271061
80.200000 -2.249094
80.300000 -2.236166
80.400020 -2.221053
80.500000 -2.208708
80.600000 -2.195019
80.700000 -2.186819
80.800000 -2.174383
80.900000 -2.161221
81.000000 -2.153380
81.100000 -2.143154
81.200000 -2.131481
81.300008 -2.119753
81.400000 -2.111069
81.500000 -2.095924
81.600015 -2.082023
81.728105 -2.064664
81.800000 -2.053066
81.900000 -2.029080
82.000017 -2.012431
82.100000 -1.998133
82.200000 -1.973565
82.300000 -1.952144
82.400000 -1.922686
82.500000 -1.902565
82.600020 -1.880683
82.700000 -1.858775
82.800018 -1.843566
82.900000 -1.832690
83.000000 -1.818444
83.100000 -1.803164
83.200000 -1.788142
83.300021 -1.770350
83.400000 -1.759475
83.500000 -1.743996
83.600014 -1.729853
83.700000 -1.715791
83.800000 -1.705984
83.900000 -1.690442
84.000000 -1.678972
84.100000 -1.667587
84.200000 -1.653368
84.300000 -1.640864
84.400000 -1.628405
84.500000 -1.618003
84.600000 -1.602558
84.700000 -1.590252
84.800011 -1.575384
84.900000 -1.561682
85.000000 -1.541960
85.100039 -1.528152
85.200000 -1.507978
85.300000 -1.484118
85.400015 -1.468910
85.500000 -1.451833
85.600000 -1.435735
85.700000 -1.414446
85.800000 -1.394773
85.900000 -1.374720
86.000000 -1.361731
86.100000 -1.342304
86.200000 -1.325426
86.300000 -1.315698
86.400000 -1.300429
86.500002 -1.287668
86.600000 -1.274907
86.700015 -1.264956
86.800000 -1.250040
86.900000 -1.238818
87.000018 -1.226530
87.100000 -1.213101
87.200009 -1.195972
87.300000 -1.185862
87.400000 -1.172091
87.500017 -1.154137
87.600000 -1.138869
87.700000 -1.117775
87.800000 -1.104139
87.900000 -1.086739
88.000000 -1.069742
88.100000 -1.052547
88.200000 -1.040981
88.300000 -1.023310
88.400000 -1.008718
88.526772 -0.990200
88.600000 -0.980628
88.700000 -0.964116
88.800019 -0.947879
88.900000 -0.935923
89.000005 -0.916465
89.100000 -0.902161
89.200001 -0.888501
89.300000 -0.875630
89.400071 -0.858321
89.500000 -0.848337
89.600000 -0.834802
89.700000 -0.817354
89.800000 -0.801380
89.900000 -0.779602
90.000000 -0.765993
90.100000 -0.752874
90.200000 -0.747930
90.300000 -0.750355
90.400000 -0.760678
90.500000 -0.778871
90.600032 -0.793104
90.700000 -0.824521
90.800000 -0.853757
90.900000 -0.890013
91.000000 -0.928566
91.100000 -0.956931
91.200000 -0.993059
91.300000 -1.023586
91.400000 -1.061931
91.500000 -1.086433
91.600000 -1.115303
91.700000 -1.137197
91.800061 -1.164379
91.900026 -1.180093
92.000000 -1.197832
92.100000 -1.214488
92.200000 -1.226149
92.300019 -1.240168
92.400021 -1.252386
92.500000 -1.266032
92.600000 -1.273455
92.700000 -1.287983
92.800000 -1.300648
92.900000 -1.312790
93.000060 -1.322393
93.100000 -1.338008
93.200000 -1.349200
93.300000 -1.360099
93.400012 -1.374578
93.500022 -1.386022
93.600000 -1.398005
93.700000 -1.407606
93.800000 -1.422465
93.900016 -1.432145
94.000018 -1.443984
94.100000 -1.458701
94.200000 -1.476662
94.300000 -1.488314
94.400000 -1.508295
94.500000 -1.524393
94.600023 -1.544262
94.700000 -1.559178
94.800000 -1.579816
94.900000 -1.598517
95.000000 -1.611124
95.100000 -1.628844
95.200030 -1.645270
95.326458 -1.659098
95.400000 -1.668446
95.500000 -1.686107
95.600020 -1.700424
95.700000 -1.714232
95.800052 -1.723653
95.900000 -1.739958
96.000000 -1.750529
96.100000 -1.766886
96.200032 -1.781099
96.300000 -1.794869
96.400017 -1.805777
96.500000 -1.823911
96.600000 -1.839895
96.700000 -1.851575
96.800015 -1.868965
96.900000 -1.882162
97.000012 -1.896885
97.100000 -1.910803
97.200000 -1.929701
97.300000 -1.941758
97.400016 -1.955467
97.500000 -1.969944
97.600000 -1.986045
97.700000 -1.997062
97.800000 -2.012703
97.900018 -2.029278
98.000016 -2.040318
98.100000 -2.055491
98.200000 -2.070548
98.300000 -2.085438
98.400000 -2.096956
98.500000 -2.114371
98.600000 -2.128667
98.700017 -2.142092
98.800000 -2.154639
98.900000 -2.173338
99.000000 -2.184671
99.100020 -2.198811
99.200000 -2.215710
99.300000 -2.229047
99.400000 -2.244054
99.500000 -2.257294
99.600000 -2.275130
99.700000 -2.286586
99.800000 -2.302340
99.900000 -2.319440
100.000000 -2.336852
100.100000 -2.347984
100.200000 -2.366744
100.300000 -2.384266
100.400000 -2.392253
100.500000 -2.393371
100.600014 -2.384313
100.700015 -2.355776
100.800035 -2.329602
100.900007 -2.294011
101.000000 -2.262831
101.100017 -2.215331
101.200000 -2.180571
101.300000 -2.139791
101.400016 -2.107721
101.500000 -2.070524
101.600000 -2.040458
101.700000 -2.017841
101.800000 -1.990809
101.900034 -1.978088
102.000000 -1.963506
102.126714 -1.945861
102.200000 -1.934579
102.300000 -1.925050
102.400020 -1.911232
102.500000 -1.899607
102.600019 -1.889531
102.700000 -1.879096
102.800000 -1.867497
102.900000 -1.856395
103.000020 -1.848441
103.100000 -1.834318
103.200014 -1.823458
103.300000 -1.811570
103.400000 -1.801142
103.500005 -1.783659
103.600008 -1.773564
103.700024 -1.760814
103.800000 -1.741498
103.900000 -1.729000
104.000000 -1.713510
104.100000 -1.698134
104.200008 -1.677845
104.300000 -1.664485
104.400000 -1.647069
104.500000 -1.632954
104.600000 -1.616211
104.700000 -1.604386
104.800021 -1.586716
104.900000 -1.571085
105.000000 -1.561606
105.100000 -1.547731
105.200005 -1.534990
105.300000 -1.521723
105.400000 -1.509642
105.500000 -1.489965
105.600000 -1.473705
105.700000 -1.454855
105.800015 -1.436720
105.900000 -1.413936
106.000000 -1.392564
106.100000 -1.367897
106.200000 -1.348248
106.300000 -1.332334
106.400000 -1.313850
106.500000 -1.303891
106.600000 -1.291039
106.700000 -1.278636
106.800000 -1.265864
106.900000 -1.258724
107.000016 -1.246305
107.100000 -1.235949
107.200009 -1.224867
107.300008 -1.214751
107.400000 -1.199846
107.500000 -1.177906
107.600000 -1.160381
107.700000 -1.139686
107.800000 -1.122983
107.900017 -1.102814
108.000000 -1.087763
108.100000 -1.071209
108.200000 -1.057569
108.300000 -1.041333
108.400000 -1.030482
108.500000 -1.015658
108.600000 -0.998785
108.700008 -0.988811
108.800000 -0.976451
108.927811 -0.957867
109.000000 -0.949623
109.100000 -0.940249
109.200020 -0.926009
109.300000 -0.914453
109.400000 -0.902455
109.500000 -0.891202
109.600000 -0.874815
109.700000 -0.861574
109.800000 -0.851346
109.900000 -0.832819
110.000021 -0.816954
110.100000 -0.801873
110.200000 -0.787875
110.300000 -0.769719
110.400000 -0.756519
110.500000 -0.740872
110.600000 -0.726517
110.700000 -0.708969
110.800000 -0.697660
110.900000 -0.678660
111.000008 -0.658381
111.100000 -0.646438
111.200000 -0.630444
111.300000 -0.616582
111.400000 -0.600973
111.500000 -0.589781
111.600017 -0.572672
111.700000 -0.558917
111.800000 -0.544993
111.900000 -0.532274
112.000000 -0.513592
112.100000 -0.490828
112.200016 -0.473290
112.300018 -0.454853
112.400000 -0.437855
112.500000 -0.415145
112.600000 -0.400686
112.700014 -0.386029
112.800000 -0.372176
112.900000 -0.356511
113.000000 -0.346192
113.100000 -0.331299
113.200014 -0.316603
113.300000 -0.307265
113.400000 -0.294671
113.500000 -0.281118
113.600000 -0.266527
113.700000 -0.257710
113.800007 -0.242133
113.900015 -0.228937
114.000000 -0.215979
114.100000 -0.203864
114.200000 -0.185595
114.300008 -0.170050
114.400000 -0.158773
114.500000 -0.140947
114.600000 -0.126521
114.700000 -0.103968
114.800000 -0.088488
114.900000 -0.069450
115.000000 -0.052863
115.100000 -0.029992
115.200000 -0.015772
115.300000 0.003007
115.400031 0.018811
115.500039 0.033383
115.600000 0.046957
115.726665 0.066956
115.800000 0.075078
115.900000 0.082401
116.000000 0.087563
116.100000 0.089196
116.200038 0.085473
116.300000 0.080479
116.400000 0.071645
116.500000 0.064477
116.600000 0.054737
116.700000 0.043561
116.800032 0.033694
116.900000 0.024030
117.000000 0.015484
117.100000 0.006416
117.200000 -0.001476
117.300000 -0.010785
117.400024 -0.014890
117.500000 -0.019624
117.600000 -0.021478
117.700000 -0.021909
117.800016 -0.021351
117.900000 -0.018606
118.000000 -0.014520
118.100000 -0.011037
118.200000 -0.005530
118.300000 -0.002078
118.400000 0.002294
118.500000 0.005410
118.600000 0.007897
118.700000 0.008833
118.800024 0.008496
118.900000 0.007117
119.000000 0.005132
119.100000 0.002408
119.200000 0.000292
119.300000 -0.001641
119.400000 -0.003212
119.500000 -0.004262
119.600019 -0.004216
119.700000 -0.003828
119.800000 -0.003075
119.900000 -0.001883
120.000041 -0.000786
120.100000 0.000463
120.200014 0.001390
120.300000 0.002217
120.400000 0.001909
120.500000 0.001750
120.600021 0.000586
120.700022 -0.000884
120.800000 -0.002027
120.900000 -0.002679
121.000007 -0.002679
121.100000 -0.002679
121.200005 -0.002679
121.300000 -0.002679
121.400000 -0.002679
121.500000 -0.002679
121.600000 -0.002679
121.700000 -0.002679
121.800000 -0.002679
121.900000 -0.002679
122.000000 -0.002679
122.100000 -0.002679
122.200000 -0.002679
122.300008 -0.002679
122.400000 -0.002679
122.519939 -0.002679
122.600000 -0.002679
122.700000 -0.002679
122.800000 -0.002679
122.900000 -0.002679
123.000000 -0.002679
123.100000 -0.002679
123.200016 -0.002679
123.300000 -0.002679
123.400000 -0.002679
123.500000 -0.002679
123.600005 -0.002679
123.700000 -0.002679
123.800000 -0.002679
123.900005 -0.002679
124.000000 -0.002679
124.100000 -0.002679
124.200000 -0.002679
124.300000 -0.002679
124.400000 -0.002679
124.500000 -0.002679
124.600007 -0.002679
124.700000 -0.002679
124.800000 -0.002679
124.900000 -0.002679
125.000000 -0.002679
125.100005 -0.002679
125.200000 -0.002679
125.300000 -0.002679
125.400000 -0.002679
125.500000 -0.002679
125.600000 -0.002679
125.700000 -0.002679
